1552759681.667484 -0.026028 0.091525 -0.050424 0.015824 0.052069 0.009344 0.998474
1552759681.734715 -0.038168 0.105443 -0.047188 0.011902 0.053177 0.023299 0.998242
1552759681.835371 -0.050266 0.127727 -0.041920 0.003451 0.052986 0.039404 0.997812
1552759682.037049 -0.069090 0.163386 -0.029358 -0.004713 0.045016 0.037540 0.998270
1552759682.238683 -0.084427 0.187283 -0.011950 -0.008526 0.032319 0.022607 0.999186
1552759682.406627 -0.088340 0.195278 0.002805 -0.014048 0.022504 0.010609 0.999592
1552759682.507443 -0.082432 0.195456 0.010415 -0.024680 0.012539 0.004098 0.999608
1552759682.608420 -0.077122 0.192732 0.017229 -0.039480 0.000715 0.005831 0.999203
1552759682.709064 -0.072769 0.185763 0.022104 -0.058600 -0.010266 0.007223 0.998203
1552759683.179371 -0.063934 0.125797 0.032554 -0.071088 -0.017018 0.021671 0.997089
1552759683.447613 -0.049523 0.089597 0.030902 -0.047135 -0.012233 0.007478 0.998786
1552759683.547747 -0.039891 0.074410 0.027431 -0.035267 -0.006297 -0.015088 0.999244
1552759683.647774 -0.031805 0.059042 0.023944 -0.021230 -0.001454 -0.044161 0.998798
1552759683.747903 -0.027104 0.043778 0.019458 -0.007627 0.002343 -0.073624 0.997254
1552759683.847929 -0.023170 0.031356 0.015184 0.002855 0.004221 -0.102552 0.994715
1552759683.948031 -0.019510 0.022499 0.011120 0.012316 0.007595 -0.132757 0.991043
1552759684.048019 -0.016279 0.017236 0.007927 0.019949 0.009863 -0.164204 0.986175
1552759684.114853 -0.014015 0.014614 0.006046 0.022977 0.009490 -0.184158 0.982582
1552759684.214963 -0.010063 0.014634 0.002510 0.027970 0.009645 -0.207021 0.977889
1552759684.315069 -0.004219 0.016333 -0.000097 0.027848 0.012155 -0.225788 0.973702
1552759684.415090 0.000904 0.019554 -0.003308 0.026517 0.012979 -0.237838 0.970856
1552759684.515196 0.006485 0.022515 -0.006662 0.023526 0.014106 -0.248234 0.968312
1552759684.882046 0.022555 0.055094 -0.023592 0.004058 0.017232 -0.233099 0.972292
1552759684.982594 0.023790 0.065860 -0.027106 -0.005986 0.016970 -0.216912 0.976025
1552759685.083670 0.020852 0.075674 -0.030023 -0.019272 0.014521 -0.193228 0.980857
1552759685.184261 0.014565 0.086411 -0.031802 -0.031198 0.012611 -0.164887 0.985738
1552759685.284947 0.008676 0.097738 -0.032735 -0.044600 0.008401 -0.135616 0.989721
1552759685.352168 0.003834 0.105187 -0.033076 -0.053599 0.006072 -0.114907 0.991911
1552759685.453022 -0.005706 0.116686 -0.032190 -0.066507 -0.000291 -0.080255 0.994553
1552759685.553678 -0.015570 0.127496 -0.030407 -0.078787 -0.006332 -0.044483 0.995878
1552759685.654612 -0.025053 0.136532 -0.029322 -0.089256 -0.008720 -0.010895 0.995911
1552759685.755338 -0.033768 0.144368 -0.028863 -0.093939 -0.011714 0.020739 0.995293
1552759685.856285 -0.041064 0.151231 -0.029554 -0.093403 -0.009378 0.047146 0.994467
1552759685.923314 -0.046043 0.154007 -0.030179 -0.090822 -0.004399 0.063873 0.993807
1552759686.024087 -0.053523 0.159234 -0.032276 -0.084798 0.003314 0.087461 0.992547
1552759686.124972 -0.058926 0.164720 -0.035760 -0.074714 0.018373 0.107752 0.991196
1552759686.225610 -0.065892 0.170621 -0.039022 -0.064360 0.031858 0.128135 0.989153
1552759686.326467 -0.073018 0.176954 -0.042335 -0.052490 0.049464 0.146078 0.986640
1552759686.427220 -0.080246 0.182886 -0.045106 -0.039841 0.063279 0.159053 0.984434
1552759686.494468 -0.086648 0.187834 -0.046917 -0.029712 0.075688 0.165028 0.982931
1552759686.595241 -0.094416 0.196095 -0.049277 -0.016007 0.092084 0.172572 0.980552
1552759686.696002 -0.104511 0.205232 -0.051360 -0.006389 0.104650 0.179515 0.978152
1552759686.796806 -0.115853 0.215931 -0.055836 -0.003361 0.117347 0.186438 0.975428
1552759686.897655 -0.123979 0.227418 -0.058644 -0.008659 0.120512 0.193182 0.973695
1552759686.998405 -0.130459 0.240370 -0.060484 -0.017133 0.121690 0.202481 0.971545
1552759687.065614 -0.134044 0.251507 -0.061486 -0.023457 0.119615 0.215226 0.968927
1552759687.166389 -0.139901 0.269565 -0.063733 -0.030999 0.120318 0.233158 0.964469
1552759687.267220 -0.142249 0.291237 -0.067108 -0.033920 0.123204 0.249850 0.959815
1552759687.367969 -0.148751 0.314866 -0.070892 -0.035381 0.123173 0.262737 0.956319
1552759687.468841 -0.154151 0.340835 -0.075226 -0.038323 0.123664 0.272711 0.953345
1552759687.569552 -0.158786 0.369531 -0.082485 -0.041828 0.128955 0.279268 0.950595
1552759687.636897 -0.166045 0.390997 -0.089493 -0.044696 0.136045 0.285160 0.947722
1552759687.737591 -0.174228 0.422625 -0.101010 -0.046120 0.147170 0.295254 0.942889
1552759687.838349 -0.182476 0.451642 -0.110485 -0.041345 0.154921 0.306100 0.938399
1552759687.939124 -0.190372 0.480641 -0.120541 -0.038438 0.163974 0.322108 0.931602
1552759688.039924 -0.201851 0.505776 -0.130561 -0.036976 0.174055 0.338534 0.923976
1552759688.140716 -0.215006 0.527624 -0.138580 -0.035960 0.184353 0.351867 0.917012
1552759688.207920 -0.225979 0.540128 -0.140866 -0.042262 0.188139 0.360244 0.912711
1552759688.308681 -0.242990 0.557968 -0.142190 -0.047281 0.188458 0.373579 0.907021
1552759688.409466 -0.262629 0.574654 -0.141159 -0.055063 0.184869 0.381766 0.903906
1552759688.510433 -0.290622 0.593937 -0.140926 -0.056244 0.182275 0.390745 0.900517
1552759688.611067 -0.331009 0.619158 -0.140898 -0.055589 0.178441 0.396690 0.898724
1552759688.779098 -0.393841 0.652697 -0.137570 -0.055580 0.175446 0.398109 0.898687
1552759688.980799 -0.471147 0.687648 -0.137278 -0.062215 0.172405 0.401297 0.897422
1552759689.182040 -0.543913 0.723621 -0.142710 -0.063407 0.176488 0.402808 0.895867
1552759689.448881 -0.617040 0.764051 -0.146438 -0.062696 0.183557 0.397210 0.896995
1552759689.649094 -0.651805 0.802577 -0.150016 -0.058990 0.187419 0.381214 0.903366
1552759689.849237 -0.675068 0.856626 -0.158813 -0.047205 0.202094 0.356023 0.911140
1552759690.016145 -0.686368 0.910648 -0.164309 -0.034292 0.209656 0.335836 0.917651
1552759690.115935 -0.690098 0.940994 -0.166804 -0.025891 0.212002 0.311316 0.925995
1552759690.216079 -0.695172 0.969354 -0.168713 -0.023875 0.214111 0.296041 0.930562
1552759690.416205 -0.701970 1.020715 -0.172483 -0.030718 0.226611 0.275544 0.933691
1552759690.516299 -0.705753 1.044955 -0.174917 -0.028528 0.230968 0.257766 0.937761
1552759690.683157 -0.716380 1.087952 -0.177349 -0.025269 0.228254 0.232868 0.945005
1552759690.783196 -0.727292 1.114427 -0.177952 -0.024348 0.224061 0.215818 0.950066
1552759690.883339 -0.740028 1.143151 -0.179782 -0.024467 0.223617 0.198850 0.953864
1552759690.983411 -0.756439 1.171982 -0.178064 -0.018680 0.225958 0.181924 0.956816
1552759691.083376 -0.775548 1.202763 -0.175824 -0.008845 0.229174 0.163722 0.959477
1552759691.183509 -0.795919 1.229406 -0.171416 -0.004044 0.228489 0.141079 0.963262
1552759691.283561 -0.817383 1.257067 -0.167802 0.005325 0.231870 0.125684 0.964578
1552759691.450325 -0.850712 1.305630 -0.163535 0.015539 0.233967 0.106600 0.966258
1552759691.750578 -0.904022 1.390809 -0.158472 0.011441 0.224634 0.092522 0.969973
1552759691.950708 -0.934363 1.449391 -0.155113 0.002533 0.216107 0.090571 0.972156
1552759692.117466 -0.952247 1.503900 -0.159149 0.008740 0.222100 0.094628 0.970382
1552759692.317674 -0.968810 1.577473 -0.166836 0.011229 0.226213 0.088189 0.970013
1552759692.517761 -0.983009 1.657239 -0.169686 0.017003 0.231838 0.079551 0.969347
1552759692.784604 -0.996436 1.758035 -0.162504 0.019848 0.233184 0.070954 0.969638
1552759692.884807 -1.003691 1.790243 -0.157895 0.014644 0.229079 0.074390 0.970451
1552759692.984767 -1.013436 1.825881 -0.154484 0.008192 0.224451 0.079588 0.971195
1552759693.184858 -1.032175 1.897776 -0.152965 -0.002538 0.216046 0.083458 0.972806
1552759693.351686 -1.053048 1.961455 -0.147802 0.000231 0.203681 0.086716 0.975189
1552759693.451774 -1.071227 2.001339 -0.140603 0.001033 0.193786 0.090763 0.976836
1552759693.551792 -1.090542 2.045848 -0.133230 -0.003282 0.187703 0.102215 0.976887
1552759693.651850 -1.108018 2.086118 -0.123537 -0.007298 0.179178 0.112722 0.977310
1552759693.752145 -1.124398 2.125260 -0.111637 -0.005177 0.169637 0.128606 0.977065
1552759693.852010 -1.139435 2.158431 -0.099395 -0.005999 0.159123 0.142863 0.976849
1552759693.952081 -1.151217 2.191103 -0.086620 -0.005912 0.147734 0.155082 0.976775
1552759694.019080 -1.157682 2.209871 -0.077743 -0.002772 0.138172 0.165088 0.976548
1552759694.118912 -1.166542 2.233689 -0.064539 0.001129 0.124909 0.178223 0.976029
1552759694.218993 -1.172852 2.257971 -0.052193 -0.002326 0.116038 0.188837 0.975126
1552759694.319062 -1.175818 2.281452 -0.040316 -0.009204 0.108039 0.196694 0.974451
1552759694.419245 -1.176897 2.302128 -0.029286 -0.005598 0.099288 0.207646 0.973136
1552759694.519238 -1.175382 2.320385 -0.019277 -0.001815 0.090728 0.221235 0.970989
1552759694.619488 -1.172328 2.338830 -0.010900 -0.000060 0.080679 0.237431 0.968048
1552759694.686096 -1.167448 2.350498 -0.006584 -0.002686 0.075317 0.248275 0.965753
1552759694.786270 -1.156599 2.366329 -0.001597 -0.002592 0.069243 0.256507 0.964056
1552759694.986239 -1.124406 2.405143 0.008968 0.014090 0.062923 0.253166 0.965272
1552759695.086306 -1.098194 2.425192 0.016498 0.018611 0.057357 0.241212 0.968597
1552759695.186357 -1.068925 2.441834 0.024613 0.019660 0.052804 0.228940 0.971809
1552759695.353141 -1.026337 2.462194 0.041532 0.034935 0.038015 0.218165 0.974545
1552759695.453443 -1.001711 2.472336 0.050527 0.051745 0.029881 0.212626 0.975305
1552759695.653360 -0.966118 2.488801 0.054113 0.087133 0.028364 0.205867 0.974280
1552759695.853557 -0.944563 2.519264 0.039245 0.098727 0.045047 0.204888 0.972751
1552759696.020222 -0.950575 2.561406 0.021368 0.098405 0.058873 0.210253 0.970899
1552759696.120520 -0.962605 2.586180 0.011367 0.095767 0.065062 0.214349 0.969871
1552759696.220425 -0.979658 2.613904 0.003933 0.091887 0.067847 0.222446 0.968231
1552759696.320467 -0.996208 2.644537 -0.002340 0.083984 0.070089 0.231042 0.966775
1552759696.420604 -1.015239 2.673523 -0.007681 0.076603 0.070928 0.242139 0.964609
1552759696.520698 -1.034859 2.702950 -0.013494 0.066424 0.071368 0.254980 0.962019
1552759696.687441 -1.063703 2.752841 -0.025908 0.054937 0.075152 0.270264 0.958275
1552759696.787680 -1.080995 2.780158 -0.034956 0.049663 0.081663 0.275771 0.956460
1552759696.887812 -1.099384 2.804592 -0.043724 0.045496 0.088622 0.280930 0.954544
1552759696.987836 -1.119976 2.826544 -0.052175 0.039568 0.094736 0.286301 0.952623
1552759697.087872 -1.141306 2.847081 -0.060740 0.034499 0.102572 0.291809 0.950335
1552759697.187739 -1.162891 2.867432 -0.069961 0.030181 0.110787 0.297966 0.947645
1552759697.354612 -1.199327 2.898935 -0.083926 0.023065 0.122992 0.310336 0.942355
1552759697.454682 -1.221437 2.919148 -0.089335 0.015690 0.127903 0.321003 0.938271
1552759697.554735 -1.242837 2.939500 -0.091467 0.010213 0.129614 0.332530 0.934088
1552759697.654728 -1.262815 2.959457 -0.088176 0.010245 0.127823 0.343786 0.930251
1552759697.755255 -1.284826 2.980712 -0.081324 0.008287 0.119657 0.357122 0.926325
1552759697.854878 -1.304143 2.999924 -0.070426 0.008111 0.110781 0.372891 0.921203
1552759697.921596 -1.314960 3.012555 -0.061500 0.009041 0.106003 0.383870 0.917238
1552759698.021755 -1.329773 3.032306 -0.047158 0.011765 0.097614 0.399809 0.911310
1552759698.121853 -1.342097 3.053576 -0.033664 0.010646 0.088559 0.413782 0.905996
1552759698.221895 -1.352185 3.074545 -0.022424 0.009297 0.079167 0.427262 0.900607
1552759698.322006 -1.360347 3.097583 -0.014688 0.011387 0.071186 0.436513 0.896805
1552759698.422186 -1.366346 3.124033 -0.012822 0.010616 0.067856 0.444924 0.892931
1552759698.588785 -1.369963 3.176976 -0.019296 0.006235 0.067290 0.455121 0.887862
1552759698.788903 -1.370827 3.243650 -0.031086 -0.000638 0.068873 0.465629 0.882296
1552759698.888978 -1.374080 3.271316 -0.040658 0.001570 0.080935 0.474953 0.876280
1552759698.989255 -1.379002 3.293543 -0.052802 -0.001788 0.089122 0.483357 0.870873
1552759699.089207 -1.386074 3.314794 -0.065432 -0.006652 0.096827 0.488390 0.867211
1552759699.189363 -1.394999 3.332700 -0.079877 -0.012548 0.107053 0.491599 0.864125
1552759699.356069 -1.412525 3.361948 -0.103372 -0.020259 0.118890 0.491623 0.862416
1552759699.556324 -1.446552 3.394151 -0.127637 -0.024828 0.132938 0.483912 0.864604
1552759699.656292 -1.473469 3.410679 -0.140774 -0.027162 0.141820 0.481282 0.864591
1552759699.756365 -1.506721 3.431614 -0.154152 -0.032789 0.149678 0.480637 0.863429
1552759699.856523 -1.544336 3.451245 -0.163749 -0.038310 0.155262 0.480574 0.862250
1552759700.023210 -1.614171 3.486773 -0.167564 -0.044259 0.156472 0.486194 0.858588
1552759700.123475 -1.656345 3.504818 -0.161541 -0.043490 0.154368 0.492759 0.855259
1552759700.223342 -1.698507 3.522306 -0.153471 -0.044788 0.147696 0.502998 0.850396
1552759700.356790 -1.756145 3.545776 -0.144092 -0.046724 0.139650 0.517718 0.842783
1552759700.423495 -1.785830 3.553592 -0.138035 -0.046528 0.137151 0.524161 0.839214
1552759700.523555 -1.825979 3.567948 -0.128268 -0.045968 0.134015 0.535972 0.832262
1552759700.590191 -1.853174 3.574872 -0.120671 -0.046025 0.131402 0.543117 0.828033
1552759700.690336 -1.889221 3.588760 -0.109146 -0.043580 0.131837 0.554340 0.820626
1552759700.790427 -1.922239 3.602682 -0.095992 -0.041491 0.131646 0.568161 0.811259
1552759700.890449 -1.952896 3.617390 -0.080915 -0.036076 0.125598 0.578924 0.804842
1552759700.990614 -1.983913 3.635036 -0.066825 -0.033817 0.119947 0.591375 0.796709
1552759701.090685 -2.015820 3.655967 -0.056618 -0.034622 0.118696 0.603883 0.787425
1552759701.190749 -2.049284 3.678925 -0.047765 -0.030021 0.114418 0.614987 0.779614
1552759701.257423 -2.072163 3.695595 -0.044720 -0.031695 0.113713 0.622217 0.773893
1552759701.357658 -2.108113 3.726543 -0.044454 -0.040092 0.114852 0.632342 0.765078
1552759701.457575 -2.139460 3.758055 -0.047067 -0.036686 0.126424 0.636311 0.760118
1552759701.557568 -2.170062 3.789371 -0.051216 -0.034305 0.134850 0.641417 0.754468
1552759701.657706 -2.202390 3.819022 -0.055243 -0.039777 0.140485 0.647948 0.747559
1552759701.824477 -2.253712 3.861884 -0.059840 -0.045147 0.149199 0.659772 0.735120
1552759701.957867 -2.290609 3.886760 -0.061109 -0.051717 0.144829 0.666388 0.729573
1552759702.124722 -2.335857 3.911750 -0.070178 -0.064079 0.145124 0.671311 0.723999
1552759702.358317 -2.414615 3.947003 -0.089108 -0.074880 0.145889 0.672844 0.721381
1552759702.694206 -2.567515 4.002412 -0.102922 -0.087664 0.152397 0.677374 0.714321
1552759702.795064 -2.614253 4.015440 -0.103969 -0.096069 0.149392 0.681523 0.709915
1552759702.895741 -2.658942 4.025164 -0.099048 -0.092027 0.144643 0.687661 0.705501
1552759702.996551 -2.703160 4.038436 -0.092423 -0.082645 0.142523 0.693989 0.700883
1552759703.063863 -2.732120 4.042455 -0.086227 -0.078235 0.139309 0.699100 0.696944
1552759703.164592 -2.777368 4.050764 -0.078318 -0.077805 0.131897 0.708734 0.688655
1552759703.265355 -2.816973 4.059394 -0.069959 -0.074392 0.127923 0.718369 0.679741
1552759703.366102 -2.855177 4.064930 -0.059872 -0.069042 0.123636 0.728991 0.669716
1552759703.466975 -2.888272 4.070722 -0.049429 -0.062921 0.118186 0.740903 0.658131
1552759703.567882 -2.919817 4.072651 -0.038747 -0.056284 0.112810 0.754125 0.644517
1552759703.634857 -2.940553 4.071779 -0.031699 -0.055300 0.105853 0.764015 0.634048
1552759703.735663 -2.972348 4.075379 -0.022311 -0.048253 0.099950 0.778451 0.617815
1552759703.836487 -3.004040 4.083006 -0.013609 -0.038883 0.098180 0.790355 0.603480
1552759703.937291 -3.036624 4.095404 -0.006260 -0.033809 0.099070 0.800783 0.589736
1552759704.038073 -3.066534 4.108594 0.002298 -0.025963 0.099239 0.809620 0.577921
1552759704.138869 -3.095022 4.122320 0.012579 -0.017314 0.099849 0.816210 0.568799
1552759704.206073 -3.112280 4.132771 0.019445 -0.012118 0.100749 0.821622 0.560928
1552759704.306946 -3.136893 4.150183 0.029070 -0.005028 0.100319 0.827799 0.551960
1552759704.407631 -3.159558 4.168014 0.038148 0.005512 0.104008 0.831078 0.546316
1552759704.508574 -3.179231 4.183809 0.047217 0.018181 0.108818 0.834407 0.539994
1552759704.609377 -3.198775 4.196103 0.056277 0.027603 0.110661 0.837634 0.534193
1552759704.710040 -3.219158 4.205479 0.065666 0.035340 0.110226 0.840308 0.529608
1552759704.877934 -3.255828 4.212204 0.080334 0.046112 0.094393 0.844471 0.525197
1552759704.978799 -3.283179 4.208112 0.086104 0.044803 0.069654 0.845320 0.527802
1552759705.079743 -3.313516 4.200697 0.089169 0.045230 0.048277 0.846173 0.528786
1552759705.281177 -3.378982 4.181339 0.097224 0.054617 0.038834 0.845026 0.530509
1552759705.449214 -3.445256 4.154647 0.109040 0.057505 0.023621 0.850453 0.522364
1552759705.549745 -3.486896 4.137101 0.115903 0.061082 0.019891 0.856651 0.511881
1552759705.649882 -3.529938 4.118363 0.118708 0.059877 0.016999 0.864161 0.499351
1552759705.749884 -3.568194 4.098123 0.115537 0.055643 0.018916 0.874224 0.481953
1552759705.850023 -3.601839 4.079976 0.107213 0.049469 0.024178 0.882756 0.466595
1552759705.949989 -3.627480 4.065839 0.095676 0.039100 0.031603 0.887148 0.458738
1552759706.116855 -3.659820 4.050231 0.075402 0.024977 0.041200 0.890122 0.453167
1552759706.217142 -3.681253 4.043654 0.064632 0.017047 0.043901 0.892544 0.448495
1552759706.317043 -3.699610 4.035323 0.050010 0.004230 0.044688 0.896353 0.441063
1552759706.417010 -3.719425 4.027399 0.032304 -0.014218 0.047628 0.901043 0.430873
1552759706.517095 -3.738348 4.019049 0.015316 -0.026563 0.056360 0.906073 0.418508
1552759706.617149 -3.758304 4.008553 -0.001453 -0.037945 0.061271 0.911552 0.404820
1552759706.683914 -3.775739 3.998842 -0.014832 -0.049433 0.062457 0.915178 0.395101
1552759706.783885 -3.802309 3.985666 -0.033419 -0.063184 0.067324 0.921123 0.378163
1552759706.883964 -3.830956 3.972513 -0.049644 -0.074210 0.072869 0.925525 0.364124
1552759706.984075 -3.861023 3.959666 -0.063090 -0.079614 0.077069 0.930240 0.349823
1552759707.084066 -3.893776 3.948837 -0.075157 -0.088186 0.077890 0.932097 0.342567
1552759707.184432 -3.924819 3.941128 -0.083753 -0.092979 0.083473 0.932322 0.339357
1552759707.285398 -3.959853 3.931897 -0.090466 -0.094837 0.087299 0.934268 0.332457
1552759707.352148 -3.986159 3.925314 -0.093169 -0.100202 0.089509 0.935625 0.326427
1552759707.453123 -4.023784 3.914836 -0.090191 -0.096967 0.103845 0.939833 0.310690
1552759707.553798 -4.059235 3.901730 -0.082678 -0.090870 0.109447 0.945165 0.293984
1552759707.654534 -4.090495 3.888918 -0.075031 -0.087187 0.106353 0.950179 0.279727
1552759707.755409 -4.115391 3.874062 -0.068193 -0.084586 0.102167 0.954551 0.266906
1552759707.856204 -4.139037 3.859289 -0.062535 -0.081513 0.097250 0.958559 0.255076
1552759708.023880 -4.168752 3.832837 -0.052299 -0.076964 0.089078 0.962747 0.243433
1552759708.224094 -4.198238 3.796250 -0.036553 -0.066342 0.077793 0.964196 0.244690
1552759708.424251 -4.239875 3.756920 -0.017293 -0.057725 0.078730 0.961718 0.256062
1552759708.590960 -4.274182 3.716224 0.003252 -0.047987 0.074814 0.961055 0.261673
1552759708.791213 -4.314744 3.666299 0.028918 -0.035469 0.067735 0.962287 0.261069
1552759708.891215 -4.330483 3.640529 0.042350 -0.024076 0.067013 0.963172 0.259286
1552759708.991305 -4.345432 3.613105 0.054479 -0.014290 0.063715 0.964310 0.256597
1552759709.091377 -4.360389 3.585197 0.064531 -0.005878 0.062928 0.965622 0.252152
1552759709.258245 -4.390561 3.539352 0.072908 -0.005647 0.050829 0.966345 0.252117
1552759709.358172 -4.403601 3.509211 0.075344 -0.000091 0.044895 0.967944 0.247121
1552759709.458284 -4.417028 3.476883 0.076341 0.003764 0.040559 0.970485 0.237696
1552759709.558373 -4.426927 3.441404 0.076563 0.008173 0.038250 0.973210 0.226568
1552759709.658595 -4.440201 3.406879 0.073282 0.006803 0.034983 0.977792 0.206527
1552759709.758731 -4.453860 3.372317 0.067274 0.003054 0.035792 0.982720 0.181581
1552759709.825969 -4.464808 3.348765 0.061570 -0.001632 0.036415 0.985740 0.164279
1552759709.926675 -4.480481 3.313407 0.051429 -0.008562 0.043167 0.989248 0.139466
1552759710.027505 -4.497861 3.278401 0.039248 -0.017470 0.048343 0.991847 0.116609
1552759710.128294 -4.515485 3.241959 0.025343 -0.026244 0.047096 0.993926 0.095936
1552759710.229101 -4.538423 3.205590 0.008424 -0.040002 0.044561 0.995481 0.073697
1552759710.329967 -4.564413 3.171101 -0.008792 -0.055860 0.051856 0.995327 0.059284
1552759710.397141 -4.583202 3.150305 -0.018991 -0.063987 0.054966 0.994924 0.054871
1552759710.497859 -4.610587 3.119715 -0.033746 -0.073431 0.055130 0.994576 0.048863
1552759710.598672 -4.638758 3.086725 -0.050610 -0.088936 0.049959 0.993919 0.041471
1552759710.699564 -4.662124 3.052877 -0.066781 -0.100553 0.049093 0.993221 0.031490
1552759710.800240 -4.680578 3.019287 -0.082088 -0.113457 0.046624 0.992261 0.019264
1552759710.901050 -4.695201 2.986315 -0.093852 -0.118647 0.043029 0.991972 0.007914
1552759710.968293 -4.703674 2.965520 -0.099660 -0.119527 0.043139 0.991893 0.000523
1552759711.069065 -4.714285 2.931513 -0.107396 -0.120857 0.045398 0.991561 -0.011768
1552759711.169908 -4.722844 2.895074 -0.110977 -0.115995 0.046296 0.992007 -0.018013
1552759711.270607 -4.731372 2.855059 -0.113285 -0.113454 0.045127 0.992290 -0.021282
1552759711.472357 -4.752176 2.766617 -0.108584 -0.112892 0.041019 0.992620 -0.016659
1552759711.639518 -4.767587 2.690746 -0.096306 -0.111313 0.047534 0.992547 -0.014183
1552759711.839762 -4.783740 2.599179 -0.081330 -0.108933 0.051062 0.992499 -0.021716
1552759711.939658 -4.789769 2.553242 -0.071956 -0.107508 0.044771 0.992740 -0.030085
1552759712.039794 -4.796759 2.511400 -0.060932 -0.105282 0.041073 0.992846 -0.038537
1552759712.139848 -4.803328 2.474618 -0.050029 -0.101273 0.033970 0.993297 -0.044161
1552759712.306760 -4.819241 2.420169 -0.033273 -0.094871 0.026697 0.993849 -0.050505
1552759712.406761 -4.831395 2.388620 -0.026879 -0.093307 0.027566 0.993422 -0.060393
1552759712.507048 -4.845607 2.355363 -0.021560 -0.091164 0.029244 0.992788 -0.072154
1552759712.606915 -4.862098 2.321815 -0.014928 -0.086780 0.034491 0.992265 -0.081795
1552759712.807136 -4.912536 2.257310 -0.003030 -0.081173 0.045394 0.992821 -0.075218
1552759712.973725 -4.958024 2.207086 0.011551 -0.073496 0.042146 0.993678 -0.073668
1552759713.073802 -4.977159 2.179641 0.023288 -0.063028 0.039994 0.994085 -0.078888
1552759713.174576 -4.990718 2.152286 0.033641 -0.054320 0.038038 0.993803 -0.089206
1552759713.275577 -5.003084 2.125092 0.041639 -0.047285 0.036627 0.993250 -0.099383
1552759713.376195 -5.013560 2.097786 0.045244 -0.042903 0.030545 0.992535 -0.110005
1552759713.476966 -5.019184 2.070400 0.047452 -0.039645 0.024908 0.991842 -0.118567
1552759713.644986 -5.027050 2.027743 0.052863 -0.031480 0.021395 0.992358 -0.117372
1552759713.745858 -5.030366 2.003413 0.059555 -0.022838 0.021197 0.993989 -0.104948
1552759713.846598 -5.034455 1.983894 0.068936 -0.012512 0.018122 0.996581 -0.079631
1552759713.947562 -5.038822 1.970390 0.076514 -0.006786 0.019698 0.998554 -0.049564
1552759714.048215 -5.043194 1.956346 0.081050 -0.004423 0.023781 0.999459 -0.022291
1552759714.115447 -5.047068 1.945584 0.083039 -0.004660 0.023043 0.999713 -0.004714
1552759714.219318 -5.051089 1.935669 0.081856 -0.012043 0.023968 0.999408 0.021547
1552759714.316962 -5.054186 1.927290 0.077556 -0.016258 0.028808 0.998611 0.041011
1552759714.417772 -5.056223 1.916128 0.068475 -0.025263 0.031506 0.997557 0.057009
1552759714.518479 -5.056715 1.903836 0.056485 -0.032842 0.031742 0.996510 0.069872
1552759714.619357 -5.058134 1.888945 0.039378 -0.045735 0.029266 0.995711 0.074912
1552759714.686548 -5.057551 1.877280 0.026774 -0.054052 0.027029 0.995337 0.075187
1552759714.787357 -5.059478 1.854814 0.008223 -0.066573 0.024984 0.994971 0.070551
1552759714.888103 -5.062195 1.827097 -0.008631 -0.079803 0.022670 0.994920 0.057031
1552759714.988848 -5.065403 1.794012 -0.021329 -0.088827 0.017470 0.995192 0.037371
1552759715.089764 -5.069359 1.759073 -0.031355 -0.095383 0.013085 0.995274 0.012644
1552759715.190468 -5.071991 1.720659 -0.037876 -0.097378 0.010688 0.995096 -0.013715
1552759715.257794 -5.073804 1.693767 -0.042682 -0.099772 0.007525 0.994449 -0.032570
1552759715.358468 -5.079065 1.654479 -0.048219 -0.102845 0.005003 0.992967 -0.058428
1552759715.459231 -5.087189 1.615029 -0.053343 -0.106034 0.006134 0.990933 -0.082282
1552759715.560129 -5.096865 1.574773 -0.056091 -0.105344 0.005481 0.988979 -0.103893
1552759715.660820 -5.111000 1.535841 -0.058228 -0.106763 0.005679 0.987244 -0.117981
1552759715.828872 -5.138593 1.482765 -0.056757 -0.096442 0.007818 0.989519 -0.107194
1552759715.929599 -5.154135 1.455262 -0.051419 -0.085959 0.005995 0.990679 -0.105498
1552759716.030418 -5.165382 1.422939 -0.044243 -0.075716 0.001008 0.990327 -0.116270
1552759716.131260 -5.171054 1.388513 -0.037371 -0.064984 0.002112 0.988155 -0.139002
1552759716.231991 -5.172337 1.349135 -0.035856 -0.062178 0.001919 0.983831 -0.167949
1552759716.332791 -5.166338 1.310354 -0.037708 -0.061759 -0.000845 0.977639 -0.201015
1552759716.400066 -5.159158 1.284725 -0.039197 -0.059881 0.000819 0.973216 -0.221956
1552759716.500819 -5.144208 1.248187 -0.043610 -0.064535 0.003424 0.965089 -0.253826
1552759716.601758 -5.122031 1.214932 -0.047590 -0.065702 0.000609 0.958939 -0.275896
1552759716.702689 -5.097819 1.183125 -0.051275 -0.065862 -0.000860 0.953594 -0.293804
1552759716.803124 -5.068996 1.149006 -0.053233 -0.069743 0.001518 0.948209 -0.309892
1552759716.903967 -5.034258 1.109143 -0.055475 -0.075631 0.002102 0.942194 -0.326413
1552759716.971198 -5.007942 1.080740 -0.056497 -0.078680 0.002593 0.937077 -0.340130
1552759717.071940 -4.965133 1.038542 -0.058335 -0.085441 0.002316 0.929459 -0.358889
1552759717.172761 -4.920043 0.997775 -0.060684 -0.094419 -0.002262 0.921039 -0.377846
1552759717.273511 -4.872954 0.958867 -0.062181 -0.098028 -0.005741 0.912023 -0.398210
1552759717.374360 -4.823899 0.921893 -0.064075 -0.100010 -0.007839 0.899562 -0.425117
1552759717.475233 -4.773162 0.889327 -0.067196 -0.103170 -0.013908 0.885862 -0.452118
1552759717.542440 -4.742691 0.870796 -0.068191 -0.102877 -0.015731 0.877151 -0.468801
1552759717.643181 -4.701134 0.847303 -0.070885 -0.107768 -0.020188 0.862232 -0.494505
1552759717.744029 -4.662783 0.828522 -0.072211 0.108138 0.021809 -0.846390 0.521014
1552759717.844774 -4.628306 0.810943 -0.073857 0.108271 0.025769 -0.830104 0.546389
1552759717.945798 -4.594012 0.793516 -0.075458 0.108075 0.027216 -0.812693 0.571935
1552759718.046391 -4.562587 0.778475 -0.077803 0.109760 0.027311 -0.796702 0.593694
1552759718.113526 -4.540221 0.764875 -0.080761 0.110066 0.031120 -0.786592 0.606786
1552759718.214301 -4.508335 0.745734 -0.085393 0.108309 0.037744 -0.772734 0.624281
1552759718.315070 -4.474204 0.727535 -0.091325 0.111154 0.043056 -0.758486 0.640695
1552759718.415812 -4.439889 0.706459 -0.098228 0.113301 0.047117 -0.744932 0.655759
1552759718.516595 -4.408041 0.685739 -0.106027 0.115892 0.053787 -0.732049 0.669164
1552759718.617436 -4.375257 0.660244 -0.113204 0.115951 0.063504 -0.718993 0.682328
1552759718.684687 -4.355345 0.643033 -0.116570 0.115079 0.069356 -0.708296 0.693010
1552759718.788399 -4.317991 0.622890 -0.118598 0.115814 0.072193 -0.686437 0.714269
1552759718.886222 -4.283350 0.606418 -0.118210 0.111867 0.073451 -0.661562 0.737853
1552759718.987093 -4.249307 0.593079 -0.117622 0.109765 0.081103 -0.636579 0.759039
1552759719.087862 -4.215435 0.582144 -0.114897 0.103580 0.082804 -0.611686 0.779907
1552759719.188581 -4.181145 0.569462 -0.114898 0.096775 0.086540 -0.589858 0.797002
1552759719.255799 -4.162837 0.559519 -0.116408 0.094515 0.089281 -0.577241 0.806157
1552759719.356723 -4.137246 0.545121 -0.118663 0.094682 0.091333 -0.559898 0.818051
1552759719.457381 -4.110591 0.530152 -0.119422 0.094802 0.088859 -0.542552 0.829912
1552759719.558136 -4.081076 0.512612 -0.118333 0.094275 0.084251 -0.528059 0.839743
1552759719.658956 -4.055201 0.492479 -0.116087 0.093696 0.080945 -0.516560 0.847252
1552759719.759931 -4.020248 0.464525 -0.112890 0.095956 0.080061 -0.505539 0.853705
1552759719.826883 -3.998879 0.448695 -0.108171 0.095872 0.074799 -0.497963 0.858631
1552759719.927769 -3.964576 0.423720 -0.102937 0.093006 0.074634 -0.490436 0.863280
1552759720.028649 -3.929696 0.403306 -0.098311 0.090875 0.076557 -0.480325 0.869005
1552759720.129503 -3.892708 0.387326 -0.092964 0.086712 0.078113 -0.465224 0.877466
1552759720.230232 -3.852196 0.369217 -0.087966 0.082648 0.081389 -0.450054 0.885436
1552759720.330829 -3.817667 0.351007 -0.084978 0.084425 0.083839 -0.435221 0.892427
1552759720.398127 -3.797650 0.340592 -0.084122 0.084353 0.085216 -0.422938 0.898191
1552759720.499084 -3.774096 0.327119 -0.084318 0.082549 0.086634 -0.404984 0.906459
1552759720.599645 -3.757891 0.313386 -0.087329 0.087598 0.088968 -0.391753 0.911560
1552759720.700480 -3.735276 0.292481 -0.090370 0.097169 0.088569 -0.377647 0.916568
1552759720.800731 -3.714224 0.271804 -0.090984 0.096855 0.091647 -0.362771 0.922289
1552759720.900787 -3.694674 0.250142 -0.089274 0.095257 0.090682 -0.348485 0.928042
1552759721.067598 -3.660576 0.206216 -0.087368 0.093580 0.089235 -0.331779 0.934453
1552759721.167689 -3.639983 0.183352 -0.086988 0.088286 0.092027 -0.320933 0.938477
1552759721.267781 -3.617616 0.164967 -0.089472 0.079617 0.096869 -0.306074 0.943714
1552759721.367904 -3.593210 0.148070 -0.093425 0.077644 0.101803 -0.296114 0.946533
1552759721.568063 -3.534298 0.114094 -0.098691 0.081045 0.105427 -0.282823 0.949910
1552759721.734786 -3.483783 0.091335 -0.099574 0.079508 0.095787 -0.277016 0.952767
1552759721.934950 -3.422722 0.060279 -0.098133 0.079783 0.092225 -0.258765 0.958212
1552759722.035013 -3.402988 0.046216 -0.096525 0.076618 0.086656 -0.250038 0.961302
1552759722.235177 -3.368919 0.011954 -0.096347 0.077338 0.091966 -0.234646 0.964626
1552759722.401945 -3.343991 -0.030304 -0.097740 0.088127 0.100464 -0.219774 0.966354
1552759722.502754 -3.337794 -0.053902 -0.099048 0.090102 0.100635 -0.207791 0.968802
1552759722.603590 -3.325868 -0.085084 -0.099060 0.090242 0.097581 -0.196197 0.971515
1552759722.704619 -3.316134 -0.121289 -0.096979 0.091309 0.095071 -0.183254 0.974188
1552759722.805136 -3.309970 -0.157067 -0.093856 0.086091 0.093113 -0.171520 0.976985
1552759722.972394 -3.303400 -0.219893 -0.091336 0.079059 0.093869 -0.151789 0.980764
1552759723.072510 -3.303549 -0.255664 -0.091108 0.076779 0.097124 -0.136301 0.982901
1552759723.172621 -3.301298 -0.291525 -0.091342 0.072908 0.102161 -0.122860 0.984456
1552759723.272627 -3.297884 -0.324342 -0.091592 0.066913 0.105043 -0.109807 0.986119
1552759723.472932 -3.280804 -0.388081 -0.094569 0.068963 0.112932 -0.088024 0.987290
1552759723.706189 -3.250296 -0.466036 -0.099832 0.065890 0.113274 -0.061717 0.989454
1552759723.839763 -3.225405 -0.512320 -0.103605 0.050280 0.112115 -0.041474 0.991555
1552759723.939718 -3.207515 -0.551342 -0.106443 0.046509 0.118920 -0.026489 0.991460
1552759724.139872 -3.177256 -0.638837 -0.105071 0.038944 0.125271 -0.008545 0.991321
1552759724.306682 -3.157182 -0.701276 -0.101048 0.038490 0.128952 0.019277 0.990716
1552759724.406787 -3.142740 -0.739411 -0.099503 0.035539 0.126293 0.032682 0.990817
1552759724.506911 -3.128654 -0.779967 -0.100250 0.036018 0.125501 0.047073 0.990321
1552759724.607032 -3.112208 -0.823840 -0.101556 0.033211 0.125141 0.060986 0.989706
1552759724.706947 -3.096622 -0.872293 -0.101659 0.030321 0.124601 0.082073 0.988342
1552759724.807175 -3.081137 -0.925047 -0.101051 0.022338 0.123893 0.104755 0.986498
1552759724.874272 -3.070739 -0.959720 -0.100475 0.016894 0.127065 0.119393 0.984538
1552759724.975037 -3.057624 -1.008407 -0.099606 0.009797 0.130751 0.142119 0.981127
1552759725.075800 -3.044908 -1.058366 -0.101679 -0.000365 0.131506 0.169613 0.976697
1552759725.176705 -3.030555 -1.098806 -0.106934 -0.004734 0.133708 0.191574 0.972316
1552759725.277438 -3.011736 -1.141336 -0.110834 0.004070 0.134137 0.206041 0.969298
1552759725.445375 -2.977302 -1.205658 -0.118624 0.003450 0.129576 0.224855 0.965732
1552759725.747800 -2.883486 -1.326110 -0.130419 -0.021839 0.125104 0.245705 0.960990
1552759725.848598 -2.852603 -1.354109 -0.127191 -0.023144 0.134300 0.263209 0.955065
1552759725.949411 -2.823742 -1.382131 -0.120628 -0.020894 0.129780 0.280601 0.950780
1552759726.016577 -2.809283 -1.396964 -0.116948 -0.018157 0.128004 0.292906 0.947360
1552759726.117379 -2.784831 -1.418201 -0.114879 -0.019647 0.123509 0.308681 0.942908
1552759726.218098 -2.756171 -1.444092 -0.116301 -0.015524 0.125083 0.323357 0.937845
1552759726.318887 -2.722699 -1.474601 -0.117622 -0.013300 0.125600 0.340573 0.931696
1552759726.419801 -2.690857 -1.500514 -0.118384 -0.018900 0.121752 0.362656 0.923742
1552759726.520497 -2.658023 -1.531511 -0.118650 -0.023704 0.118793 0.388336 0.913521
1552759726.587672 -2.634315 -1.552384 -0.118033 -0.025374 0.118291 0.406905 0.905424
1552759726.688508 -2.602692 -1.583840 -0.117658 -0.032880 0.120285 0.435143 0.891685
1552759726.789336 -2.569775 -1.610588 -0.117741 -0.044123 0.116189 0.462764 0.877726
1552759726.893147 -2.537255 -1.634045 -0.116546 -0.042324 0.114356 0.482536 0.867347
1552759726.990861 -2.506917 -1.652739 -0.116879 -0.042701 0.111530 0.497814 0.859022
1552759727.091631 -2.473017 -1.670198 -0.121009 -0.047104 0.106713 0.511988 0.851036
1552759727.259440 -2.403307 -1.693265 -0.131066 -0.047070 0.107606 0.533865 0.837373
1552759727.459659 -2.303966 -1.715883 -0.136636 -0.071604 0.101635 0.546494 0.828183
1552759727.559655 -2.254482 -1.728193 -0.134678 -0.077537 0.108817 0.554577 0.821335
1552759727.659758 -2.211196 -1.735540 -0.127799 -0.078706 0.102593 0.566291 0.813999
1552759727.759757 -2.171757 -1.739780 -0.120959 -0.072367 0.102221 0.578508 0.806004
1552759727.926557 -2.111728 -1.739335 -0.116622 -0.074804 0.098064 0.602911 0.788217
1552759728.026617 -2.071948 -1.738526 -0.116889 -0.074321 0.098191 0.619800 0.775038
1552759728.126812 -2.028711 -1.735924 -0.116564 -0.076780 0.094939 0.636843 0.761263
1552759728.226791 -1.983110 -1.732689 -0.116526 -0.079643 0.089595 0.655563 0.745565
1552759728.326857 -1.938150 -1.727730 -0.117771 -0.082119 0.086692 0.677679 0.725598
1552759728.426926 -1.894129 -1.722211 -0.119337 -0.083768 0.093556 0.698740 0.704268
1552759728.493794 -1.868997 -1.722151 -0.120062 -0.083682 0.093307 0.712881 0.689994
1552759728.593839 -1.831603 -1.715141 -0.120182 -0.083025 0.087877 0.735240 0.666938
1552759728.693741 -1.793934 -1.704301 -0.120218 -0.080706 0.089109 0.750203 0.650186
1552759728.794074 -1.756860 -1.692144 -0.123484 -0.085426 0.083245 0.764163 0.633899
1552759728.894053 -1.721617 -1.676720 -0.129464 -0.086876 0.082241 0.777239 0.617729
1552759728.994184 -1.684922 -1.657526 -0.135387 -0.086888 0.082574 0.790399 0.600751
1552759729.094088 -1.644034 -1.633705 -0.141101 -0.092856 0.074499 0.800107 0.587925
1552759729.260856 -1.573743 -1.597056 -0.142334 -0.103292 0.077063 0.810477 0.571418
1552759729.360936 -1.535628 -1.578412 -0.136802 -0.103862 0.063110 0.821131 0.557650
1552759729.461086 -1.502151 -1.556765 -0.130826 -0.100267 0.061127 0.832450 0.541514
1552759729.561077 -1.471010 -1.532594 -0.124983 -0.099950 0.056463 0.840218 0.529958
1552759729.661104 -1.441576 -1.509522 -0.120708 -0.101714 0.046520 0.849011 0.516401
1552759729.761708 -1.410931 -1.485465 -0.119429 -0.103928 0.041346 0.857835 0.501606
1552759729.929670 -1.350761 -1.438159 -0.118110 -0.106666 0.036526 0.872744 0.474980
1552759730.030515 -1.312889 -1.408382 -0.114214 -0.107198 0.030191 0.884586 0.452886
1552759730.131264 -1.271861 -1.375081 -0.111302 -0.109210 0.030876 0.896124 0.429047
1552759730.232074 -1.229061 -1.350321 -0.107935 -0.112092 0.033804 0.904210 0.410728
1552759730.332915 -1.191922 -1.321811 -0.106648 -0.117384 0.026518 0.912280 0.391487
1552759730.400023 -1.173133 -1.308492 -0.106371 -0.118817 0.020373 0.917483 0.379068
1552759730.500892 -1.143211 -1.280332 -0.105817 -0.118178 0.023820 0.923324 0.364607
1552759730.601647 -1.118375 -1.252512 -0.106963 -0.119988 0.021666 0.928761 0.350051
1552759730.702412 -1.096110 -1.220601 -0.110390 -0.121586 0.022132 0.933160 0.337548
1552759730.902620 -1.051383 -1.148766 -0.115493 -0.125836 0.011196 0.937944 0.322956
1552759731.169576 -0.987993 -1.044232 -0.113565 -0.136493 0.006612 0.938824 0.316125
1552759731.369671 -0.957515 -0.977636 -0.115590 -0.144020 0.003739 0.943377 0.298804
1552759731.469692 -0.948162 -0.948407 -0.114262 -0.144771 0.000245 0.946866 0.287202
1552759731.569836 -0.940821 -0.925126 -0.113318 -0.145969 -0.002906 0.950297 0.274990
1552759731.736527 -0.919959 -0.877122 -0.111683 -0.142747 0.003771 0.956924 0.252797
1552759731.836565 -0.899817 -0.848382 -0.106863 -0.138494 -0.002508 0.960827 0.240053
1552759732.036867 -0.857859 -0.773116 -0.093142 -0.129446 -0.006203 0.963549 0.234048
1552759732.136800 -0.832245 -0.730171 -0.087581 -0.127019 0.002980 0.960241 0.248584
1552759732.236955 -0.807754 -0.688753 -0.079751 -0.122455 0.006538 0.955872 0.266968
1552759732.303688 -0.788147 -0.663808 -0.073117 -0.115614 0.009555 0.952708 0.280874
1552759732.403739 -0.755746 -0.629816 -0.063966 -0.105581 0.019782 0.945083 0.308674
1552759732.503901 -0.723360 -0.596702 -0.057073 -0.092435 0.029478 0.937032 0.335495
1552759732.603830 -0.691732 -0.563999 -0.052550 -0.081915 0.043084 0.927114 0.363171
1552759732.703957 -0.658171 -0.530264 -0.050099 -0.074004 0.058442 0.913173 0.396513
1552759732.803987 -0.627891 -0.495249 -0.051092 -0.067260 0.074811 0.896258 0.431973
1552759732.904131 -0.601250 -0.462794 -0.055790 -0.062055 0.096044 0.877581 0.465593
1552759732.970744 -0.581389 -0.444536 -0.061524 -0.058701 0.099796 0.864836 0.488521
1552759733.070832 -0.552595 -0.412968 -0.074988 -0.062526 0.104233 0.844332 0.521852
1552759733.170895 -0.523867 -0.378301 -0.091801 -0.065237 0.114850 0.824749 0.549857
1552759733.270906 -0.491140 -0.340293 -0.108142 -0.069986 0.122308 0.807376 0.572964
1552759733.371198 -0.459082 -0.303442 -0.121383 -0.075432 0.123895 0.794469 0.589728
1552759733.471067 -0.427593 -0.268797 -0.133207 -0.076944 0.127439 0.780575 0.607076
1552759733.571176 -0.398356 -0.237042 -0.146310 -0.077617 0.134522 0.766248 0.623493
1552759733.637850 -0.379965 -0.219754 -0.156316 -0.078535 0.140453 0.755720 0.634817
1552759733.738131 -0.349541 -0.196775 -0.169138 -0.082120 0.145374 0.742353 0.648872
1552759733.838052 -0.318066 -0.175580 -0.178622 -0.087545 0.146189 0.729594 0.662312
1552759733.938100 -0.285250 -0.157665 -0.183627 -0.087781 0.147682 0.718333 0.674153
1552759734.038160 -0.253890 -0.141405 -0.185240 -0.082388 0.149516 0.709923 0.683276
1552759734.138288 -0.220365 -0.119894 -0.186840 -0.077919 0.147056 0.698612 0.695877
1552759734.238407 -0.185489 -0.095212 -0.186982 -0.068685 0.153007 0.689801 0.704305
1552759734.405106 -0.123942 -0.040792 -0.182665 -0.054773 0.145479 0.685144 0.711627
1552759734.505143 -0.079495 -0.005362 -0.176687 -0.045526 0.140220 0.674161 0.723721
1552759734.605329 -0.023669 0.031453 -0.168228 -0.037729 0.136091 0.647727 0.748669
1552759734.705322 0.028588 0.062026 -0.155037 -0.030922 0.121788 0.617339 0.776598
1552759734.805346 0.082960 0.092754 -0.140689 -0.026122 0.106026 0.594445 0.796687
1552759734.872223 0.119209 0.112962 -0.130473 -0.024362 0.100012 0.579077 0.808749
1552759734.972152 0.169382 0.142510 -0.112667 -0.022062 0.088802 0.550417 0.829861
1552759735.072305 0.226936 0.175012 -0.093114 -0.021658 0.074804 0.520362 0.850387
1552759735.172326 0.283344 0.205852 -0.075849 -0.022716 0.065166 0.485332 0.871602
1552759735.272490 0.348598 0.245423 -0.062045 -0.020681 0.059876 0.443401 0.894082
1552759735.372474 0.410666 0.284112 -0.049182 -0.018113 0.055196 0.397788 0.915636
1552759735.472566 0.471310 0.321411 -0.033773 -0.013970 0.045599 0.346111 0.936981
1552759735.539359 0.510515 0.345082 -0.022444 -0.011111 0.039273 0.310112 0.949824
1552759735.639345 0.563768 0.375062 -0.006136 -0.001839 0.036866 0.258528 0.965298
1552759735.739607 0.614871 0.402627 0.007549 0.004881 0.032113 0.212077 0.976713
1552759735.839520 0.661282 0.425589 0.018512 0.008861 0.024826 0.172284 0.984695
1552759735.939515 0.699080 0.441001 0.024100 0.012763 0.022438 0.132633 0.990829
1552759736.039645 0.718601 0.441744 0.025044 0.017432 0.019475 0.094368 0.995194
1552759736.139688 0.732155 0.441284 0.022238 0.024723 0.017225 0.062632 0.997582
1552759736.206542 0.727573 0.429453 0.017669 0.027854 0.017710 0.039184 0.998687
1552759736.306470 0.738038 0.424968 0.012096 0.035586 0.014643 0.004666 0.999248
1552759736.406565 0.756530 0.430706 0.006558 0.037116 0.009677 -0.028200 0.998866
1552759736.506750 0.780945 0.440330 0.002907 0.043226 0.009481 -0.064662 0.996925
1552759736.606773 0.801069 0.449284 0.002788 0.050727 0.007257 -0.100147 0.993652
1552759736.706760 0.816249 0.457498 0.002196 0.054849 0.007569 -0.137432 0.988962
1552759736.806807 0.824127 0.464070 0.003586 0.049042 0.006948 -0.175715 0.983194
1552759736.873566 0.828293 0.469219 0.004345 0.040941 0.006280 -0.196331 0.979662
1552759736.973635 0.837988 0.481001 0.005538 0.027894 0.005244 -0.226801 0.973527
1552759737.073715 0.835112 0.492465 0.006689 0.016844 0.005302 -0.261122 0.965144
1552759737.173788 0.832464 0.507151 0.008328 0.013956 0.004727 -0.292669 0.956100
1552759737.273813 0.834102 0.524860 0.010390 0.011543 0.005570 -0.323169 0.946254
1552759737.373976 0.834165 0.544227 0.012665 0.008883 0.008730 -0.352531 0.935717
1552759737.473998 0.831903 0.562531 0.015844 0.005618 0.008053 -0.393328 0.919346
1552759737.540742 0.832836 0.575443 0.017034 0.007823 0.010015 -0.417765 0.908466
1552759737.640795 0.832298 0.596797 0.017062 0.009106 0.014735 -0.443510 0.896102
1552759737.740994 0.837436 0.625177 0.015317 0.009846 0.018086 -0.457178 0.889137
1552759737.940941 0.844580 0.685229 0.007877 0.014757 0.024943 -0.465590 0.884526
1552759738.141150 0.852583 0.740350 -0.004684 0.014455 0.033581 -0.459275 0.887542
1552759738.207875 0.856779 0.760512 -0.011841 0.013524 0.037613 -0.452095 0.891074
1552759738.307868 0.865824 0.790535 -0.020696 0.010810 0.042901 -0.432532 0.900532
1552759738.407994 0.877234 0.826396 -0.027813 0.007819 0.046391 -0.404229 0.913447
1552759738.508065 0.889814 0.867253 -0.032244 0.009942 0.046191 -0.367635 0.928769
1552759738.608211 0.899289 0.908704 -0.034174 0.007591 0.045836 -0.330548 0.942645
1552759738.708215 0.906883 0.951763 -0.034785 0.004882 0.045309 -0.291512 0.955481
1552759738.808244 0.914829 0.997911 -0.033807 0.004491 0.040345 -0.260114 0.964724
1552759738.875027 0.919382 1.033226 -0.034737 0.006397 0.037864 -0.239946 0.970026
1552759738.975111 0.927866 1.076774 -0.036029 0.004763 0.038297 -0.208560 0.977248
1552759739.075157 0.937765 1.125748 -0.038421 0.005094 0.037667 -0.182242 0.982519
1552759739.175226 0.949406 1.177822 -0.041327 0.007388 0.037896 -0.153292 0.987426
1552759739.275393 0.964141 1.233053 -0.044985 0.011083 0.040548 -0.130452 0.990563
1552759739.375522 0.981950 1.289134 -0.047188 0.016468 0.041484 -0.117192 0.992106
1552759739.475510 0.999689 1.342029 -0.048984 0.018595 0.041010 -0.101253 0.993841
1552759739.542208 1.010455 1.378562 -0.053130 0.018232 0.047046 -0.088853 0.994766
1552759739.642470 1.023873 1.429487 -0.061039 0.022575 0.054854 -0.068329 0.995898
1552759739.742586 1.035145 1.476859 -0.069904 0.021830 0.068642 -0.046033 0.996340
1552759739.842605 1.043031 1.523304 -0.076745 0.020770 0.081010 -0.022859 0.996235
1552759739.942565 1.045540 1.562543 -0.079346 0.022459 0.083609 -0.005961 0.996228
1552759740.042477 1.041508 1.597688 -0.080900 0.019964 0.083080 0.007612 0.996314
1552759740.142577 1.033930 1.640820 -0.083486 0.016516 0.084751 0.020775 0.996049
1552759740.309329 1.010838 1.717504 -0.088940 0.015025 0.086662 0.030546 0.995656
1552759740.409527 0.996278 1.769638 -0.090033 0.012967 0.090155 0.036271 0.995183
1552759740.509510 0.979753 1.826911 -0.089355 0.007514 0.093749 0.044362 0.994579
1552759740.609561 0.960708 1.884254 -0.088047 0.009683 0.102495 0.056244 0.993095
1552759740.709615 0.939539 1.940066 -0.086264 0.016035 0.108997 0.065667 0.991741
1552759740.809754 0.917489 1.995507 -0.084970 0.019229 0.112951 0.076244 0.990484
1552759740.876454 0.904640 2.033196 -0.084119 0.019116 0.115121 0.084849 0.989536
1552759740.976549 0.891362 2.084974 -0.081597 0.018420 0.116448 0.099433 0.988035
1552759741.076683 0.879657 2.133060 -0.077852 0.021803 0.114858 0.110899 0.986932
1552759741.176662 0.869848 2.175946 -0.068582 0.027431 0.110946 0.127623 0.985216
1552759741.276958 0.863102 2.214915 -0.055608 0.030413 0.102521 0.144311 0.983737
1552759741.376946 0.858924 2.251980 -0.043546 0.032338 0.094607 0.161175 0.981848
1552759741.443562 0.855199 2.278164 -0.035918 0.033098 0.088363 0.174434 0.980137
1552759741.543641 0.852125 2.322878 -0.026469 0.036283 0.080883 0.191184 0.977543
1552759741.643662 0.855052 2.367593 -0.021097 0.036532 0.077527 0.203723 0.975270
1552759741.743745 0.858625 2.415187 -0.018247 0.028908 0.075884 0.210742 0.974163
1552759741.843769 0.864496 2.462899 -0.019295 0.020665 0.080243 0.218402 0.972335
1552759741.943886 0.872386 2.511052 -0.021803 0.017864 0.093818 0.226632 0.969287
1552759742.043999 0.875714 2.555994 -0.024806 0.018792 0.103906 0.241835 0.964555
1552759742.110750 0.875777 2.585115 -0.029945 0.019780 0.113236 0.253693 0.960430
1552759742.210884 0.870533 2.624605 -0.042917 0.017672 0.123157 0.269056 0.955054
1552759742.310843 0.859788 2.659864 -0.061167 0.016175 0.138775 0.284090 0.948564
1552759742.410964 0.842564 2.689755 -0.080853 0.015166 0.153854 0.295086 0.942880
1552759742.511021 0.814980 2.717405 -0.098588 0.007943 0.163609 0.308684 0.936954
1552759742.611104 0.779034 2.739732 -0.111625 -0.000670 0.166201 0.321295 0.932280
1552759742.711125 0.741082 2.759614 -0.121038 -0.009605 0.170123 0.331554 0.927921
1552759742.777765 0.711602 2.771753 -0.123624 -0.015754 0.170231 0.339038 0.925109
1552759742.877996 0.661237 2.790329 -0.123733 -0.024466 0.165907 0.351633 0.920994
1552759742.978047 0.601501 2.810755 -0.121753 -0.032813 0.161020 0.368064 0.915164
1552759743.078073 0.537119 2.833737 -0.119376 -0.036761 0.156692 0.399021 0.902706
1552759743.178151 0.469261 2.859236 -0.117769 -0.043322 0.152669 0.435169 0.886252
1552759743.278203 0.401779 2.881983 -0.115550 -0.048761 0.147645 0.472821 0.867331
1552759743.378453 0.337407 2.899608 -0.112460 -0.054815 0.139278 0.504418 0.850388
1552759743.445028 0.296799 2.909474 -0.110355 -0.057477 0.134842 0.523284 0.839457
1552759743.545175 0.238741 2.920135 -0.107232 -0.064873 0.126537 0.550134 0.822881
1552759743.645274 0.180578 2.928259 -0.104885 -0.071535 0.118025 0.574983 0.806441
1552759743.745451 0.128091 2.933188 -0.102489 -0.076118 0.109689 0.598253 0.790106
1552759743.845223 0.085436 2.932773 -0.099420 -0.077201 0.102943 0.618003 0.775574
1552759743.945557 0.046442 2.931544 -0.098099 -0.078404 0.097736 0.637678 0.760044
1552759744.045462 0.008932 2.930939 -0.098038 -0.084808 0.092158 0.655253 0.744955
1552759744.112179 -0.013260 2.929354 -0.097719 -0.085338 0.089269 0.665017 0.736547
1552759744.212244 -0.038813 2.925184 -0.097504 -0.087541 0.087243 0.677951 0.724643
1552759744.312280 -0.061777 2.922577 -0.096893 -0.089893 0.084228 0.689628 0.713609
1552759744.412324 -0.082810 2.922787 -0.095538 -0.091321 0.080838 0.699112 0.704534
1552759744.512414 -0.104703 2.925287 -0.093885 -0.093824 0.078522 0.706865 0.696687
1552759744.645886 -0.132318 2.934557 -0.091864 -0.094631 0.072958 0.713629 0.690257
1552759744.779306 -0.162402 2.950083 -0.091399 -0.099830 0.075326 0.717668 0.685064
