1552759681.667484 -0.026028 0.091525 -0.050424 0.015824 0.052069 0.009344 0.998474
1552759681.734715 -0.035448 0.107596 -0.047564 0.011903 0.053177 0.023281 0.998243
1552759681.835371 -0.047305 0.130071 -0.042329 0.003452 0.052985 0.039384 0.997812
1552759682.037049 -0.065899 0.165912 -0.029799 -0.004712 0.045016 0.037518 0.998270
1552759682.238683 -0.081011 0.189986 -0.012422 -0.008526 0.032319 0.022584 0.999186
1552759682.406627 -0.084299 0.198476 0.002247 -0.014047 0.022504 0.010582 0.999592
1552759682.507443 -0.078023 0.198945 0.009806 -0.024680 0.012540 0.004068 0.999608
1552759682.608420 -0.072328 0.196526 0.016567 -0.039480 0.000717 0.005798 0.999203
1552759682.709064 -0.067569 0.189879 0.021386 -0.058600 -0.010264 0.007187 0.998203
1552759683.179371 -0.058310 0.130250 0.031776 -0.071089 -0.017015 0.021633 0.997090
1552759683.447613 -0.043499 0.094368 0.030069 -0.047136 -0.012231 0.007437 0.998786
1552759683.547747 -0.033460 0.079503 0.026541 -0.035267 -0.006296 -0.015132 0.999244
1552759683.647774 -0.024965 0.064459 0.022997 -0.021230 -0.001453 -0.044208 0.998796
1552759683.747903 -0.019855 0.049520 0.018454 -0.007627 0.002343 -0.073674 0.997250
1552759683.847929 -0.015513 0.037421 0.014123 0.002855 0.004220 -0.102604 0.994709
1552759683.948031 -0.011444 0.028888 0.010003 0.012316 0.007594 -0.132812 0.991036
1552759684.048019 -0.007804 0.023949 0.006754 0.019950 0.009862 -0.164262 0.986166
1552759684.114853 -0.005130 0.021651 0.004816 0.022977 0.009488 -0.184219 0.982571
1552759684.214963 -0.000769 0.021994 0.001224 0.027970 0.009643 -0.207084 0.977876
1552759684.315069 0.005485 0.024017 -0.001440 0.027848 0.012153 -0.225853 0.973687
1552759684.415090 0.011018 0.027561 -0.004708 0.026518 0.012977 -0.237906 0.970839
1552759684.515196 0.017009 0.030846 -0.008118 0.023527 0.014104 -0.248305 0.968294
1552759684.882046 0.033493 0.063747 -0.025105 0.004059 0.017232 -0.233172 0.972274
1552759684.982594 0.035139 0.074836 -0.028676 -0.005985 0.016970 -0.216988 0.976008
1552759685.083670 0.032613 0.084975 -0.031649 -0.019271 0.014523 -0.193307 0.980841
1552759685.184261 0.026737 0.096037 -0.033485 -0.031197 0.012614 -0.164970 0.985724
1552759685.284947 0.021259 0.107689 -0.034475 -0.044599 0.008404 -0.135702 0.989710
1552759685.352168 0.016828 0.115463 -0.034872 -0.053598 0.006077 -0.114996 0.991900
1552759685.453022 0.007700 0.127288 -0.034043 -0.066507 -0.000285 -0.080347 0.994546
1552759685.553678 -0.001753 0.138424 -0.032317 -0.078788 -0.006324 -0.044578 0.995874
1552759685.654612 -0.010824 0.147786 -0.031288 -0.089257 -0.008712 -0.010993 0.995910
1552759685.755338 -0.019128 0.155948 -0.030886 -0.093941 -0.011704 0.020639 0.995295
1552759685.856285 -0.026013 0.163136 -0.031634 -0.093404 -0.009368 0.047043 0.994472
1552759685.923314 -0.030583 0.166238 -0.032315 -0.090823 -0.004389 0.063767 0.993814
1552759686.024087 -0.037651 0.171790 -0.034469 -0.084797 0.003323 0.087353 0.992556
1552759686.124972 -0.042643 0.177601 -0.038009 -0.074712 0.018381 0.107641 0.991208
1552759686.225610 -0.049198 0.183828 -0.041329 -0.064356 0.031866 0.128022 0.989168
1552759686.326467 -0.055914 0.190487 -0.044698 -0.052485 0.049471 0.145962 0.986658
1552759686.427220 -0.062730 0.196745 -0.047525 -0.039834 0.063284 0.158935 0.984453
1552759686.494468 -0.068722 0.202018 -0.049393 -0.029703 0.075692 0.164907 0.982952
1552759686.595241 -0.076078 0.210605 -0.051810 -0.015995 0.092086 0.172449 0.980574
1552759686.696002 -0.085761 0.220069 -0.053949 -0.006376 0.104651 0.179389 0.978175
1552759686.796806 -0.096691 0.231095 -0.058482 -0.003346 0.117347 0.186309 0.975452
1552759686.897655 -0.104404 0.242908 -0.061347 -0.008643 0.120513 0.193051 0.973721
1552759686.998405 -0.110471 0.256186 -0.063244 -0.017117 0.121692 0.202348 0.971573
1552759687.065614 -0.113643 0.267648 -0.064302 -0.023440 0.119618 0.215090 0.968957
1552759687.166389 -0.119086 0.286032 -0.066606 -0.030982 0.120322 0.233020 0.964502
1552759687.267220 -0.121018 0.308028 -0.070037 -0.033902 0.123209 0.249710 0.959852
1552759687.367969 -0.127104 0.331983 -0.073878 -0.035363 0.123178 0.262595 0.956358
1552759687.468841 -0.132087 0.358278 -0.078268 -0.038304 0.123670 0.272566 0.953387
1552759687.569552 -0.136303 0.387299 -0.085584 -0.041808 0.128961 0.279121 0.950638
1552759687.636897 -0.143146 0.409092 -0.092649 -0.044675 0.136052 0.285011 0.947767
1552759687.737591 -0.150910 0.441047 -0.104223 -0.046097 0.147177 0.295103 0.942936
1552759687.838349 -0.158739 0.470390 -0.113754 -0.041320 0.154928 0.305947 0.938449
1552759687.939124 -0.166216 0.499716 -0.123866 -0.038411 0.163980 0.321954 0.931655
1552759688.039924 -0.177278 0.525179 -0.133943 -0.036947 0.174061 0.338378 0.924033
1552759688.140716 -0.190015 0.547355 -0.142019 -0.035928 0.184359 0.351710 0.917072
1552759688.207920 -0.200574 0.560187 -0.144362 -0.042229 0.188146 0.360086 0.912774
1552759688.308681 -0.217170 0.578357 -0.145743 -0.047248 0.188466 0.373419 0.907087
1552759688.409466 -0.236393 0.595374 -0.144768 -0.055029 0.184879 0.381604 0.903975
1552759688.510433 -0.263970 0.614991 -0.144592 -0.056211 0.182286 0.390581 0.900588
1552759688.611067 -0.303938 0.640550 -0.144620 -0.055556 0.178451 0.396524 0.898798
1552759688.779098 -0.366348 0.674436 -0.141349 -0.055547 0.175456 0.397940 0.898762
1552759688.980799 -0.443232 0.709739 -0.141114 -0.062182 0.172417 0.401126 0.897499
1552759689.182040 -0.515574 0.746064 -0.146602 -0.063373 0.176500 0.402635 0.895945
1552759689.448881 -0.588276 0.786846 -0.150387 -0.062660 0.183569 0.397034 0.897073
1552759689.649094 -0.622616 0.825709 -0.154021 -0.058953 0.187431 0.381035 0.903442
1552759689.849237 -0.645448 0.880091 -0.162875 -0.047164 0.202104 0.355840 0.911212
1552759690.016145 -0.656317 0.934442 -0.168428 -0.034249 0.209663 0.335649 0.917719
1552759690.115935 -0.659626 0.965113 -0.170980 -0.025847 0.212007 0.311125 0.926059
1552759690.216079 -0.664279 0.993800 -0.172945 -0.023830 0.214116 0.295846 0.930624
1552759690.416205 -0.670645 1.045488 -0.176771 -0.030670 0.226617 0.275346 0.933750
1552759690.516299 -0.674008 1.070053 -0.179262 -0.028479 0.230975 0.257564 0.937817
1552759690.683157 -0.684207 1.113379 -0.181751 -0.025219 0.228260 0.232662 0.945055
1552759690.783196 -0.694698 1.140183 -0.182411 -0.024299 0.224067 0.215609 0.950114
1552759690.883339 -0.707012 1.169236 -0.184297 -0.024418 0.223622 0.198637 0.953908
1552759690.983411 -0.723001 1.198399 -0.182636 -0.018629 0.225963 0.181708 0.956857
1552759691.083376 -0.741686 1.229512 -0.180452 -0.008793 0.229176 0.163503 0.959514
1552759691.183509 -0.761635 1.256489 -0.176101 -0.003992 0.228490 0.140856 0.963294
1552759691.283561 -0.782677 1.284483 -0.172543 0.005380 0.231869 0.125458 0.964608
1552759691.450325 -0.815574 1.333385 -0.168334 0.015594 0.233963 0.106371 0.966283
1552759691.750578 -0.868434 1.418913 -0.163327 0.011495 0.224631 0.092290 0.969996
1552759691.950708 -0.898338 1.477834 -0.160025 0.002585 0.216106 0.090336 0.972178
1552759692.117466 -0.915787 1.532676 -0.164118 0.008794 0.222098 0.094390 0.970405
1552759692.317674 -0.931904 1.606580 -0.171862 0.011285 0.226210 0.087949 0.970034
1552759692.517761 -0.945655 1.686678 -0.174768 0.017061 0.231834 0.079308 0.969367
1552759692.784604 -0.958622 1.787805 -0.167642 0.019907 0.233179 0.070708 0.969656
1552759692.884807 -0.965450 1.820340 -0.163090 0.014703 0.229075 0.074142 0.970470
1552759692.984767 -0.974768 1.856307 -0.159736 0.008250 0.224449 0.079338 0.971216
1552759693.184858 -0.993060 1.928536 -0.158273 -0.002481 0.216047 0.083204 0.972828
1552759693.351686 -1.013491 1.992549 -0.153167 0.000285 0.203681 0.086460 0.975212
1552759693.451774 -1.031239 2.032767 -0.146025 0.001084 0.193786 0.090503 0.976860
1552759693.551792 -1.050121 2.077611 -0.138708 -0.003231 0.187704 0.101952 0.976915
1552759693.651850 -1.067166 2.118214 -0.129072 -0.007250 0.179180 0.112457 0.977341
1552759693.752145 -1.083115 2.157689 -0.117229 -0.005131 0.169639 0.128338 0.977101
1552759693.852010 -1.097724 2.191192 -0.105043 -0.005955 0.159125 0.142593 0.976888
1552759693.952081 -1.109079 2.224194 -0.092324 -0.005871 0.147735 0.154809 0.976818
1552759694.019080 -1.115123 2.243290 -0.083504 -0.002733 0.138173 0.164813 0.976595
1552759694.118912 -1.123560 2.267437 -0.070357 0.001165 0.124909 0.177946 0.976080
1552759694.218993 -1.129446 2.292047 -0.058068 -0.002292 0.116039 0.188557 0.975180
1552759694.319062 -1.131990 2.315854 -0.046247 -0.009173 0.108042 0.196411 0.974508
1552759694.419245 -1.132647 2.336854 -0.035274 -0.005569 0.099290 0.207361 0.973197
1552759694.519238 -1.130711 2.355435 -0.025321 -0.001788 0.090729 0.220948 0.971055
1552759694.619488 -1.127237 2.374201 -0.017001 -0.000036 0.080679 0.237143 0.968119
1552759694.686096 -1.121940 2.386191 -0.012742 -0.002663 0.075317 0.247985 0.965828
1552759694.786270 -1.110672 2.402340 -0.007811 -0.002571 0.069244 0.256215 0.964133
1552759694.986239 -1.078045 2.441458 0.002697 0.014109 0.062919 0.252871 0.965349
1552759695.086306 -1.051412 2.461816 0.010170 0.018629 0.057351 0.240913 0.968672
1552759695.186357 -1.021722 2.478763 0.018229 0.019676 0.052798 0.228638 0.971880
1552759695.353141 -0.978712 2.499422 0.035091 0.034947 0.038004 0.217860 0.974614
1552759695.453443 -0.953670 2.509872 0.044029 0.051755 0.029865 0.212318 0.975372
1552759695.653360 -0.917657 2.526639 0.047559 0.087142 0.028337 0.205557 0.974346
1552759695.853557 -0.895673 2.557412 0.032634 0.098741 0.045015 0.204575 0.972817
1552759696.020222 -0.901248 2.599882 0.014701 0.098425 0.058841 0.209939 0.970967
1552759696.120520 -0.912853 2.624988 0.004643 0.095788 0.065031 0.214032 0.969941
1552759696.220425 -0.929477 2.653047 -0.002848 0.091909 0.067817 0.222128 0.968304
1552759696.320467 -0.945598 2.684015 -0.009177 0.084007 0.070061 0.230721 0.966852
1552759696.420604 -0.964200 2.713337 -0.014575 0.076626 0.070903 0.241817 0.964689
1552759696.520698 -0.983391 2.743101 -0.020445 0.066448 0.071346 0.254656 0.962104
1552759696.687441 -1.011792 2.793336 -0.032916 0.054963 0.075133 0.269939 0.958367
1552759696.787680 -1.028656 2.820989 -0.042020 0.049691 0.081646 0.275443 0.956554
1552759696.887812 -1.046617 2.845759 -0.050845 0.045526 0.088606 0.280601 0.954641
1552759696.987836 -1.066785 2.868049 -0.059352 0.039600 0.094722 0.285971 0.952723
1552759697.087872 -1.087690 2.888924 -0.067975 0.034535 0.102560 0.291476 0.950437
1552759697.187739 -1.108851 2.909615 -0.077252 0.030220 0.110776 0.297632 0.947750
1552759697.354612 -1.144855 2.941467 -0.091274 0.023109 0.122984 0.310001 0.942465
1552759697.454682 -1.166542 2.962020 -0.096740 0.015735 0.127897 0.320668 0.938385
1552759697.554735 -1.187517 2.982711 -0.098928 0.010259 0.129610 0.332194 0.934207
1552759697.654728 -1.207071 3.003007 -0.095694 0.010291 0.127819 0.343448 0.930376
1552759697.755255 -1.228657 3.024601 -0.088898 0.008331 0.119654 0.356784 0.926455
1552759697.854878 -1.247550 3.044152 -0.078057 0.008152 0.110778 0.372552 0.921340
1552759697.921596 -1.257948 3.057114 -0.069188 0.009081 0.106000 0.383530 0.917380
1552759698.021755 -1.272337 3.077200 -0.054902 0.011801 0.097609 0.399469 0.911459
1552759698.121853 -1.284235 3.098803 -0.041465 0.010680 0.088555 0.413442 0.906151
1552759698.221895 -1.293898 3.120104 -0.030282 0.009327 0.079163 0.426922 0.900769
1552759698.322006 -1.301632 3.143472 -0.022603 0.011415 0.071181 0.436171 0.896971
1552759698.422186 -1.307202 3.170251 -0.020793 0.010642 0.067852 0.444582 0.893101
1552759698.588785 -1.310368 3.223521 -0.027323 0.006261 0.067287 0.454778 0.888037
1552759698.788903 -1.310771 3.290519 -0.039171 -0.000611 0.068873 0.465286 0.882477
1552759698.888978 -1.313593 3.318511 -0.048799 0.001602 0.080934 0.474610 0.876466
1552759698.989255 -1.318087 3.341067 -0.060999 -0.001753 0.089122 0.483014 0.871064
1552759699.089207 -1.324733 3.362647 -0.073686 -0.006614 0.096830 0.488046 0.867405
1552759699.189363 -1.333234 3.380884 -0.088188 -0.012505 0.107058 0.491255 0.864321
1552759699.356069 -1.350326 3.410470 -0.111739 -0.020211 0.118899 0.491276 0.862614
1552759699.556324 -1.383918 3.443024 -0.136061 -0.024774 0.132948 0.483562 0.864800
1552759699.656292 -1.410412 3.459898 -0.149255 -0.027105 0.141831 0.480931 0.864786
1552759699.756365 -1.443237 3.481183 -0.162689 -0.032728 0.149692 0.480283 0.863626
1552759699.856523 -1.480426 3.501169 -0.172343 -0.038246 0.155278 0.480219 0.862447
1552759700.023210 -1.549822 3.537079 -0.176215 -0.044195 0.156490 0.485838 0.858789
1552759700.123475 -1.591571 3.555482 -0.170248 -0.043426 0.154386 0.492402 0.855464
1552759700.223342 -1.633309 3.573329 -0.162235 -0.044726 0.147714 0.502642 0.850606
1552759700.356790 -1.690517 3.597171 -0.152913 -0.046665 0.139669 0.517362 0.843001
1552759700.423495 -1.719786 3.605336 -0.146912 -0.046469 0.137171 0.523805 0.839436
1552759700.523555 -1.759512 3.620050 -0.137202 -0.045911 0.134035 0.535617 0.832491
1552759700.590191 -1.786292 3.627320 -0.129662 -0.045968 0.131422 0.542762 0.828266
1552759700.690336 -1.821917 3.641564 -0.118194 -0.043523 0.131856 0.553986 0.820865
1552759700.790427 -1.854513 3.655837 -0.105096 -0.041434 0.131664 0.567809 0.811505
1552759700.890449 -1.884747 3.670896 -0.090075 -0.036021 0.125613 0.578573 0.805095
1552759700.990614 -1.915339 3.688893 -0.076042 -0.033764 0.119962 0.591025 0.796969
1552759701.090685 -1.946817 3.710176 -0.065892 -0.034569 0.118711 0.603535 0.787691
1552759701.190749 -1.979851 3.733488 -0.057095 -0.029970 0.114431 0.614641 0.779887
1552759701.257423 -2.002306 3.750502 -0.054107 -0.031644 0.113727 0.621871 0.774171
1552759701.357658 -2.037818 3.781806 -0.053898 -0.040041 0.114870 0.631999 0.765362
1552759701.457575 -2.068727 3.813670 -0.056568 -0.036629 0.126441 0.635968 0.760405
1552759701.557568 -2.098891 3.845337 -0.060773 -0.034243 0.134865 0.641075 0.754760
1552759701.657706 -2.130782 3.875341 -0.064856 -0.039713 0.140503 0.647607 0.747855
1552759701.824477 -2.181655 3.918574 -0.069511 -0.045079 0.149220 0.659435 0.735423
1552759701.957867 -2.218119 3.943807 -0.070837 -0.051650 0.144853 0.666051 0.729881
1552759702.124722 -2.262934 3.969163 -0.079962 -0.064012 0.145153 0.670975 0.724311
1552759702.358317 -2.341249 4.004812 -0.098949 -0.074811 0.145924 0.672508 0.721694
1552759702.694206 -2.493688 4.060688 -0.112819 -0.087593 0.152438 0.677039 0.714639
1552759702.795064 -2.540003 4.074083 -0.113923 -0.095999 0.149438 0.681188 0.710236
1552759702.895741 -2.584274 4.084173 -0.109059 -0.091959 0.144686 0.687327 0.705827
1552759702.996551 -2.628069 4.097810 -0.102490 -0.082577 0.142562 0.693655 0.701213
1552759703.063863 -2.656615 4.102181 -0.096350 -0.078168 0.139346 0.698766 0.697279
1552759703.164592 -2.701445 4.110858 -0.088498 -0.077741 0.131934 0.708403 0.688996
1552759703.265355 -2.740631 4.119849 -0.080196 -0.074330 0.127959 0.718040 0.680088
1552759703.366102 -2.778420 4.125746 -0.070166 -0.068982 0.123670 0.728665 0.670071
1552759703.466975 -2.811099 4.131894 -0.059780 -0.062864 0.118217 0.740581 0.658492
1552759703.567882 -2.842233 4.134178 -0.049154 -0.056228 0.112838 0.753808 0.644887
1552759703.634857 -2.862560 4.133650 -0.042163 -0.055248 0.105880 0.763702 0.634425
1552759703.735663 -2.893941 4.137605 -0.032831 -0.048204 0.099974 0.778144 0.618201
1552759703.836487 -2.925215 4.145588 -0.024186 -0.038834 0.098199 0.790054 0.603873
1552759703.937291 -2.957376 4.158342 -0.016893 -0.033759 0.099087 0.800487 0.590137
1552759704.038073 -2.986863 4.171886 -0.008392 -0.025913 0.099252 0.809329 0.578328
1552759704.138869 -3.014928 4.185964 0.001832 -0.017264 0.099858 0.815922 0.569211
1552759704.206073 -3.031765 4.196757 0.008642 -0.012067 0.100755 0.821337 0.561345
1552759704.306946 -3.055950 4.214517 0.018209 -0.004977 0.100322 0.827517 0.552382
1552759704.407631 -3.078187 4.232696 0.027231 0.005565 0.104005 0.830798 0.546743
1552759704.508574 -3.097434 4.248834 0.036243 0.018237 0.108809 0.834128 0.540424
1552759704.609377 -3.116555 4.261473 0.045246 0.027660 0.110647 0.837357 0.534627
1552759704.710040 -3.136518 4.271194 0.054579 0.035397 0.110208 0.840032 0.530044
1552759704.877934 -3.172771 4.278281 0.069190 0.046161 0.094368 0.844197 0.525638
1552759704.978799 -3.199716 4.274541 0.074904 0.044840 0.069631 0.845043 0.528245
1552759705.079743 -3.229650 4.267482 0.077912 0.045256 0.048253 0.845894 0.529232
1552759705.281177 -3.294727 4.248517 0.085910 0.054638 0.038805 0.844745 0.530957
1552759705.449214 -3.360619 4.222219 0.097669 0.057517 0.023590 0.850175 0.522817
1552759705.549745 -3.401867 4.205041 0.104476 0.061093 0.019858 0.856377 0.512339
1552759705.649882 -3.444519 4.186672 0.107224 0.059886 0.016967 0.863893 0.499815
1552759705.749884 -3.482386 4.166798 0.103996 0.055653 0.018886 0.873964 0.482424
1552759705.850023 -3.515641 4.149010 0.095616 0.049482 0.024151 0.882503 0.467073
1552759705.949989 -3.540886 4.135225 0.084022 0.039117 0.031582 0.886898 0.459221
1552759706.116855 -3.572834 4.119976 0.063692 0.025000 0.041187 0.889875 0.453654
1552759706.217142 -3.593863 4.113747 0.052865 0.017071 0.043892 0.892297 0.448985
1552759706.317043 -3.611819 4.105759 0.038186 0.004255 0.044685 0.896109 0.441557
1552759706.417010 -3.631233 4.098182 0.020423 -0.014191 0.047636 0.900804 0.431372
1552759706.517095 -3.649754 4.090177 0.003379 -0.026532 0.056375 0.905840 0.419012
1552759706.617149 -3.669313 4.080027 -0.013447 -0.037911 0.061292 0.911326 0.405329
1552759706.683914 -3.686348 4.070659 -0.026883 -0.049398 0.062484 0.914956 0.395615
1552759706.783885 -3.712522 4.057836 -0.045527 -0.063146 0.067360 0.920910 0.378682
1552759706.883964 -3.740773 4.045039 -0.061808 -0.074169 0.072911 0.925319 0.364647
1552759706.984075 -3.770445 4.032551 -0.075311 -0.079570 0.077114 0.930041 0.350352
1552759707.084066 -3.802800 4.022083 -0.087434 -0.088141 0.077940 0.931901 0.343099
1552759707.184432 -3.833441 4.014733 -0.096087 -0.092931 0.083526 0.932127 0.339891
1552759707.285398 -3.868075 4.005866 -0.102856 -0.094787 0.087353 0.934077 0.332994
1552759707.352148 -3.893979 3.999637 -0.105617 -0.100150 0.089567 0.935436 0.326967
1552759707.453123 -3.931206 3.989526 -0.102695 -0.096907 0.103901 0.939652 0.311235
1552759707.553798 -3.966261 3.976786 -0.095239 -0.090806 0.109499 0.944994 0.294535
1552759707.654534 -3.997127 3.964334 -0.087648 -0.087125 0.106404 0.950015 0.280282
1552759707.755409 -4.021629 3.949831 -0.080866 -0.084526 0.102217 0.954394 0.267467
1552759707.856204 -4.044882 3.935410 -0.075265 -0.081456 0.097298 0.958408 0.255641
1552759708.023880 -4.074218 3.909317 -0.065087 -0.076912 0.089123 0.962603 0.244003
1552759708.224094 -4.103337 3.873089 -0.049397 -0.066296 0.077833 0.964050 0.245263
1552759708.424251 -4.144610 3.834131 -0.030194 -0.057678 0.078765 0.961565 0.256636
1552759708.590960 -4.178555 3.793801 -0.009705 -0.047942 0.074843 0.960898 0.262249
1552759708.791213 -4.218767 3.744248 0.015904 -0.035428 0.067757 0.962130 0.261648
1552759708.891215 -4.234126 3.718821 0.029280 -0.024035 0.067028 0.963015 0.259867
1552759708.991305 -4.248698 3.691739 0.041352 -0.014252 0.063723 0.964154 0.257182
1552759709.091377 -4.263278 3.664173 0.051347 -0.005840 0.062931 0.965468 0.252740
1552759709.258245 -4.293095 3.618689 0.059668 -0.005616 0.050832 0.966190 0.252707
1552759709.358172 -4.305762 3.588888 0.062047 -0.000064 0.044895 0.967792 0.247715
1552759709.458284 -4.318818 3.556900 0.062987 0.003789 0.040557 0.970339 0.238293
1552759709.558373 -4.328350 3.521757 0.063152 0.008196 0.038245 0.973069 0.227170
1552759709.658595 -4.341257 3.487573 0.059815 0.006825 0.034979 0.977663 0.207134
1552759709.758731 -4.354548 3.453352 0.053749 0.003076 0.035791 0.982606 0.182193
1552759709.825969 -4.365114 3.430138 0.047989 -0.001609 0.036416 0.985637 0.164895
1552759709.926675 -4.380421 3.395123 0.037791 -0.008535 0.043173 0.989161 0.140087
1552759710.027505 -4.397434 3.360463 0.025554 -0.017439 0.048354 0.991773 0.117234
1552759710.128294 -4.414695 3.324368 0.011592 -0.026214 0.047113 0.993865 0.096565
1552759710.229101 -4.437268 3.288352 -0.005384 -0.039974 0.044587 0.995434 0.074329
1552759710.329967 -4.462891 3.254219 -0.022657 -0.055827 0.051892 0.995289 0.059918
1552759710.397141 -4.481296 3.233771 -0.032912 -0.063952 0.055007 0.994889 0.055508
1552759710.497859 -4.508310 3.203540 -0.047723 -0.073396 0.055178 0.994544 0.049502
1552759710.598672 -4.536113 3.170910 -0.064644 -0.088904 0.050016 0.993892 0.042112
1552759710.699564 -4.559111 3.137417 -0.080872 -0.100521 0.049158 0.993200 0.032133
1552759710.800240 -4.577199 3.104174 -0.096236 -0.113427 0.046698 0.992249 0.019908
1552759710.901050 -4.591454 3.071545 -0.108056 -0.118619 0.043107 0.991967 0.008561
1552759710.968293 -4.599543 3.051086 -0.113921 -0.119498 0.043218 0.991893 0.001172
1552759711.069065 -4.609788 3.017417 -0.121714 -0.120828 0.045478 0.991569 -0.011117
1552759711.169908 -4.617985 2.981313 -0.125351 -0.115964 0.046372 0.992018 -0.017359
1552759711.270607 -4.626155 2.941633 -0.127716 -0.113424 0.045202 0.992304 -0.020625
1552759711.472357 -4.646665 2.853542 -0.123072 -0.112864 0.041094 0.992631 -0.016000
1552759711.639518 -4.661766 2.778016 -0.110851 -0.111281 0.047609 0.992556 -0.013521
1552759711.839762 -4.677630 2.686795 -0.095931 -0.108899 0.051135 0.992513 -0.021051
1552759711.939658 -4.683310 2.641190 -0.086614 -0.107477 0.044844 0.992760 -0.029418
1552759712.039794 -4.689946 2.599681 -0.075646 -0.105255 0.041144 0.992872 -0.037868
1552759712.139848 -4.696154 2.563233 -0.064800 -0.101250 0.034039 0.993327 -0.043489
1552759712.306760 -4.711729 2.509129 -0.048101 -0.094852 0.026761 0.993883 -0.049830
1552759712.406761 -4.723516 2.477920 -0.041763 -0.093288 0.027630 0.993463 -0.059716
1552759712.507048 -4.737362 2.445007 -0.036502 -0.091144 0.029306 0.992837 -0.071475
1552759712.606915 -4.753488 2.411805 -0.029926 -0.086757 0.034551 0.992321 -0.081114
1552759712.807136 -4.803605 2.347694 -0.018085 -0.081141 0.045450 0.992872 -0.074534
1552759712.973725 -4.848751 2.297856 -0.003560 -0.073467 0.042196 0.993728 -0.072981
1552759713.073802 -4.867513 2.270762 0.008120 -0.063001 0.040037 0.994139 -0.078199
1552759713.174576 -4.880700 2.243749 0.018417 -0.054294 0.038076 0.993865 -0.088514
1552759713.275577 -4.892693 2.216897 0.026358 -0.047260 0.036660 0.993319 -0.098689
1552759713.376195 -4.902797 2.189929 0.029905 -0.042881 0.030575 0.992612 -0.109309
1552759713.476966 -4.908048 2.162875 0.032058 -0.039627 0.024936 0.991925 -0.117869
1552759713.644986 -4.915564 2.120553 0.037411 -0.031465 0.021417 0.992441 -0.116671
1552759713.745858 -4.918504 2.096552 0.044047 -0.022823 0.021213 0.994064 -0.104244
1552759713.846598 -4.922209 2.077363 0.053371 -0.012499 0.018131 0.996638 -0.078922
1552759713.947562 -4.926186 2.064190 0.060892 -0.006772 0.019703 0.998589 -0.048852
1552759714.048215 -4.930167 2.050476 0.065372 -0.004406 0.023784 0.999475 -0.021576
1552759714.115447 -4.933646 2.040044 0.067304 -0.004643 0.023046 0.999716 -0.003996
1552759714.219318 -4.937271 2.030458 0.066065 -0.012026 0.023976 0.999392 0.022268
1552759714.316962 -4.939969 2.022408 0.061707 -0.016237 0.028820 0.998581 0.041733
1552759714.417772 -4.941612 2.011573 0.052570 -0.025240 0.031525 0.997515 0.057733
1552759714.518479 -4.941711 1.999605 0.040523 -0.032818 0.031766 0.996459 0.070598
1552759714.619357 -4.942741 1.985041 0.023359 -0.045714 0.029299 0.995656 0.075640
1552759714.686548 -4.941765 1.973699 0.010699 -0.054032 0.027069 0.995281 0.075917
1552759714.787357 -4.943314 1.951560 -0.007909 -0.066555 0.025033 0.994918 0.071283
1552759714.888103 -4.945661 1.924171 -0.024819 -0.079786 0.022729 0.994877 0.057765
1552759714.988848 -4.948507 1.891415 -0.037575 -0.088814 0.017536 0.995164 0.038108
1552759715.089764 -4.952104 1.856807 -0.047657 -0.095373 0.013155 0.995265 0.013383
1552759715.190468 -4.954382 1.818720 -0.054235 -0.097370 0.010761 0.995106 -0.012973
1552759715.257794 -4.955825 1.792155 -0.059098 -0.099766 0.007600 0.994473 -0.031826
1552759715.358468 -4.960734 1.753199 -0.064691 -0.102841 0.005080 0.993011 -0.057683
1552759715.459231 -4.968506 1.714086 -0.069872 -0.106030 0.006214 0.990995 -0.081536
1552759715.560129 -4.977832 1.674168 -0.072677 -0.105340 0.005560 0.989057 -0.103145
1552759715.660820 -4.991615 1.635581 -0.074870 -0.106758 0.005760 0.987333 -0.117233
1552759715.828872 -5.018878 1.582871 -0.073456 -0.096436 0.007891 0.989600 -0.106441
1552759715.929599 -5.034051 1.555715 -0.068175 -0.085954 0.006060 0.990759 -0.104742
1552759716.030418 -5.044937 1.523734 -0.061056 -0.075715 0.001066 0.990416 -0.115512
1552759716.131260 -5.050250 1.489641 -0.054240 -0.064983 0.002162 0.988262 -0.138243
1552759716.231991 -5.051183 1.450589 -0.052781 -0.062177 0.001967 0.983960 -0.167190
1552759716.332791 -5.044834 1.412123 -0.054690 -0.061760 -0.000797 0.977794 -0.200259
1552759716.400066 -5.037282 1.386807 -0.056236 -0.059881 0.000865 0.973388 -0.221201
1552759716.500819 -5.021978 1.350571 -0.060706 -0.064532 0.003474 0.965286 -0.253075
1552759716.601758 -4.999442 1.317605 -0.064742 -0.065701 0.000661 0.959154 -0.275148
1552759716.702689 -4.974869 1.286085 -0.068485 -0.065862 -0.000808 0.953823 -0.293057
1552759716.803124 -4.945688 1.252245 -0.070499 -0.069742 0.001573 0.948452 -0.309147
1552759716.903967 -4.910602 1.212652 -0.072797 -0.075629 0.002162 0.942451 -0.325670
1552759716.971198 -4.883920 1.184531 -0.073876 -0.078678 0.002655 0.937346 -0.339389
1552759717.071940 -4.840767 1.142591 -0.075771 -0.085439 0.002384 0.929743 -0.358151
1552759717.172761 -4.795332 1.102076 -0.078177 -0.094420 -0.002187 0.921339 -0.377113
1552759717.273511 -4.747893 1.063417 -0.079731 -0.098033 -0.005663 0.912341 -0.397481
1552759717.374360 -4.698487 1.026690 -0.081681 -0.100017 -0.007759 0.899902 -0.424397
1552759717.475233 -4.647392 0.994367 -0.084859 -0.103181 -0.013825 0.886225 -0.451407
1552759717.542440 -4.616540 0.976111 -0.085911 -0.102889 -0.015648 0.877529 -0.468094
1552759717.643181 -4.574609 0.952875 -0.088661 -0.107785 -0.020101 0.862631 -0.493808
1552759717.744029 -4.535879 0.934358 -0.090044 0.108155 0.021722 -0.846812 0.520327
1552759717.844774 -4.501019 0.917046 -0.091747 0.108292 0.025681 -0.830548 0.545714
1552759717.945798 -4.466343 0.899888 -0.093404 0.108098 0.027127 -0.813159 0.571272
1552759718.046391 -4.434532 0.885121 -0.095806 0.109782 0.027221 -0.797188 0.593041
1552759718.113526 -4.411778 0.871808 -0.098821 0.110091 0.031029 -0.787090 0.606140
1552759718.214301 -4.379512 0.852939 -0.103510 0.108340 0.037654 -0.773248 0.623644
1552759718.315070 -4.345000 0.835008 -0.109498 0.111189 0.042964 -0.759015 0.640068
1552759718.415812 -4.310310 0.814199 -0.116459 0.113340 0.047023 -0.745475 0.655141
1552759718.516595 -4.278085 0.793751 -0.124314 0.115937 0.053690 -0.732605 0.668555
1552759718.617436 -4.244933 0.768526 -0.131547 0.116004 0.063407 -0.719562 0.681728
1552759718.684687 -4.224638 0.751606 -0.134970 0.115137 0.069260 -0.708876 0.692417
1552759718.788399 -4.186908 0.731725 -0.137054 0.115874 0.072096 -0.687036 0.713692
1552759718.886222 -4.151884 0.715520 -0.136724 0.111929 0.073357 -0.662183 0.737295
1552759718.987093 -4.117452 0.702447 -0.136192 0.109833 0.081011 -0.637220 0.758501
1552759719.087862 -4.083189 0.691780 -0.133524 0.103650 0.082717 -0.612347 0.779388
1552759719.188581 -4.048509 0.679363 -0.133581 0.096849 0.086458 -0.590535 0.796501
1552759719.255799 -4.029807 0.669714 -0.135149 0.094591 0.089200 -0.577928 0.805665
1552759719.356723 -4.003830 0.655596 -0.137460 0.094761 0.091252 -0.560598 0.817572
1552759719.457381 -3.976790 0.640906 -0.138276 0.094879 0.088777 -0.543263 0.829447
1552759719.558136 -3.946894 0.623640 -0.137243 0.094347 0.084169 -0.528781 0.839288
1552759719.658956 -3.920643 0.603787 -0.135054 0.093766 0.080864 -0.517291 0.846805
1552759719.759931 -3.885327 0.576097 -0.131914 0.096026 0.079978 -0.506278 0.853267
1552759719.826883 -3.863576 0.560555 -0.127252 0.095937 0.074716 -0.498708 0.858198
1552759719.927769 -3.828905 0.535844 -0.122074 0.093071 0.074553 -0.491188 0.862852
1552759720.028649 -3.793649 0.515694 -0.117506 0.090942 0.076477 -0.481084 0.868585
1552759720.129503 -3.756278 0.499973 -0.112215 0.086781 0.078037 -0.465992 0.877058
1552759720.230232 -3.715387 0.482118 -0.107274 0.082719 0.081317 -0.450832 0.885040
1552759720.330829 -3.680480 0.464171 -0.104342 0.084499 0.083765 -0.436008 0.892043
1552759720.398127 -3.660070 0.454046 -0.103543 0.084428 0.085141 -0.423731 0.897817
1552759720.499084 -3.636129 0.440855 -0.103796 0.082626 0.086561 -0.405788 0.906100
1552759720.599645 -3.619538 0.427418 -0.106863 0.087677 0.088890 -0.392563 0.911211
1552759720.700480 -3.596549 0.406797 -0.109961 0.097247 0.088483 -0.378465 0.916230
1552759720.800731 -3.575123 0.386407 -0.110632 0.096937 0.091560 -0.363596 0.921964
1552759720.900787 -3.555201 0.365034 -0.108979 0.095338 0.090596 -0.349318 0.927729
1552759721.067598 -3.520771 0.321371 -0.107130 0.093661 0.089150 -0.332620 0.934154
1552759721.167689 -3.499808 0.298794 -0.106806 0.088369 0.091947 -0.321780 0.938187
1552759721.267781 -3.477063 0.280693 -0.109347 0.079704 0.096797 -0.306928 0.943437
1552759721.367904 -3.452277 0.264077 -0.113356 0.077736 0.101733 -0.296973 0.946263
1552759721.568063 -3.393016 0.230318 -0.118680 0.081141 0.105353 -0.283688 0.949652
1552759721.734786 -3.342132 0.207792 -0.119619 0.079596 0.095714 -0.277886 0.952514
1552759721.934950 -3.280717 0.176949 -0.118235 0.079868 0.092152 -0.259643 0.957974
1552759722.035013 -3.260597 0.163174 -0.116684 0.076698 0.086585 -0.250921 0.961072
1552759722.235177 -3.226181 0.129174 -0.116562 0.077423 0.091894 -0.235534 0.964409
1552759722.401945 -3.200919 0.087194 -0.118012 0.088220 0.100382 -0.220666 0.966151
1552759722.502754 -3.194355 0.063909 -0.119377 0.090195 0.100552 -0.208689 0.968609
1552759722.603590 -3.182076 0.033029 -0.119446 0.090333 0.097497 -0.197100 0.971332
1552759722.704619 -3.171998 -0.002870 -0.117421 0.091398 0.094986 -0.184162 0.974017
1552759722.805136 -3.165490 -0.038335 -0.114355 0.086178 0.093032 -0.172433 0.976824
1552759722.972394 -3.158626 -0.100849 -0.111891 0.079147 0.093795 -0.152708 0.980621
1552759723.072510 -3.158431 -0.136295 -0.111720 0.076871 0.097052 -0.137225 0.982772
1552759723.172621 -3.155837 -0.171837 -0.112011 0.073004 0.102092 -0.123788 0.984339
1552759723.272627 -3.152073 -0.204335 -0.112318 0.067012 0.104980 -0.110740 0.986015
1552759723.472932 -3.134702 -0.267782 -0.115351 0.069070 0.112867 -0.088960 0.987206
1552759723.706189 -3.103931 -0.345470 -0.120671 0.065998 0.113212 -0.062658 0.989395
1552759723.839763 -3.078717 -0.391477 -0.124501 0.050386 0.112067 -0.042420 0.991515
1552759723.939718 -3.060490 -0.430209 -0.127396 0.046623 0.118875 -0.027437 0.991434
1552759724.139872 -3.029987 -0.517438 -0.126080 0.039064 0.125233 -0.009495 0.991312
1552759724.306682 -3.009622 -0.579590 -0.122114 0.038614 0.128915 0.018324 0.990734
1552759724.406787 -2.994843 -0.617429 -0.120626 0.035661 0.126258 0.031727 0.990848
1552759724.506911 -2.980423 -0.657687 -0.121429 0.036139 0.125466 0.046115 0.990366
1552759724.607032 -2.963651 -0.701269 -0.122792 0.033332 0.125109 0.060026 0.989764
1552759724.706947 -2.947748 -0.749427 -0.122952 0.030442 0.124571 0.081111 0.988421
1552759724.807175 -2.931955 -0.801887 -0.122401 0.022459 0.123871 0.103793 0.986600
1552759724.874272 -2.921213 -0.836256 -0.121882 0.017019 0.127048 0.118429 0.984654
1552759724.975037 -2.907782 -0.884644 -0.121069 0.009925 0.130742 0.141156 0.981266
1552759725.075800 -2.894753 -0.934304 -0.123199 -0.000235 0.131506 0.168652 0.976864
1552759725.176705 -2.880069 -0.974447 -0.128511 -0.004602 0.133713 0.190614 0.972505
1552759725.277438 -2.860922 -1.016690 -0.132467 0.004203 0.134133 0.205082 0.969501
1552759725.445375 -2.826204 -1.080756 -0.140314 0.003579 0.129572 0.223897 0.965955
1552759725.747800 -2.732216 -1.201069 -0.152166 -0.021714 0.125126 0.244749 0.961234
1552759725.848598 -2.700978 -1.228805 -0.148995 -0.023010 0.134323 0.262255 0.955327
1552759725.949411 -2.671761 -1.256561 -0.142488 -0.020764 0.129801 0.279650 0.951061
1552759726.016577 -2.656921 -1.271098 -0.138865 -0.018029 0.128022 0.291955 0.947654
1552759726.117379 -2.632101 -1.292059 -0.136853 -0.019522 0.123529 0.307733 0.943218
1552759726.218098 -2.603081 -1.317684 -0.138332 -0.015397 0.125098 0.322410 0.938171
1552759726.318887 -2.569261 -1.347936 -0.139709 -0.013172 0.125613 0.339630 0.932040
1552759726.419801 -2.537059 -1.373588 -0.140528 -0.018776 0.121771 0.361718 0.924110
1552759726.520497 -2.503878 -1.404328 -0.140851 -0.023583 0.118817 0.387407 0.913916
1552759726.587672 -2.479801 -1.424925 -0.140291 -0.025254 0.118317 0.405981 0.905838
1552759726.688508 -2.447831 -1.456121 -0.139973 -0.032757 0.120318 0.434230 0.892129
1552759726.789336 -2.414557 -1.482612 -0.140112 -0.044004 0.116235 0.461864 0.878200
1552759726.893147 -2.381675 -1.505811 -0.138974 -0.042207 0.114399 0.481643 0.867843
1552759726.990861 -2.350965 -1.524243 -0.139363 -0.042586 0.111574 0.496928 0.859535
1552759727.091631 -2.316689 -1.541447 -0.143550 -0.046994 0.106762 0.511108 0.851565
1552759727.259440 -2.246616 -1.564334 -0.153664 -0.046958 0.107655 0.532996 0.837926
1552759727.459659 -2.146911 -1.586833 -0.159291 -0.071498 0.101709 0.545633 0.828751
1552759727.559655 -2.097042 -1.598921 -0.157389 -0.077424 0.108898 0.553720 0.821913
1552759727.659758 -2.053360 -1.606035 -0.150567 -0.078598 0.102676 0.565440 0.814591
1552759727.759757 -2.013520 -1.610032 -0.143784 -0.072259 0.102297 0.577662 0.806610
1552759727.926557 -1.953079 -1.609389 -0.139504 -0.074701 0.098143 0.602082 0.788851
1552759728.026617 -1.912886 -1.608339 -0.139828 -0.074217 0.098269 0.618982 0.775691
1552759728.126812 -1.869233 -1.605504 -0.139559 -0.076680 0.095020 0.636038 0.761936
1552759728.226791 -1.823214 -1.602040 -0.139578 -0.079548 0.089679 0.654772 0.746259
1552759728.326857 -1.777833 -1.596852 -0.140880 -0.082027 0.086779 0.676908 0.726317
1552759728.426926 -1.733389 -1.591102 -0.142502 -0.083668 0.093645 0.697989 0.705012
1552759728.493794 -1.707845 -1.590772 -0.143284 -0.083582 0.093396 0.712143 0.690755
1552759728.593839 -1.670026 -1.583517 -0.143461 -0.082931 0.087966 0.734525 0.667725
1552759728.693741 -1.631923 -1.572434 -0.143554 -0.080610 0.089195 0.749504 0.650991
1552759728.794074 -1.594412 -1.560031 -0.146876 -0.085336 0.083337 0.763480 0.634721
1552759728.894053 -1.558725 -1.544359 -0.152913 -0.086787 0.082334 0.776571 0.618568
1552759728.994184 -1.521577 -1.524920 -0.158892 -0.086799 0.082668 0.789748 0.601607
1552759729.094088 -1.480228 -1.500863 -0.164664 -0.092775 0.074600 0.799468 0.588794
1552759729.260856 -1.409446 -1.464042 -0.165953 -0.103208 0.077175 0.809855 0.572300
1552759729.360936 -1.370880 -1.445157 -0.160479 -0.103793 0.063223 0.820522 0.558546
1552759729.461086 -1.336944 -1.423259 -0.154559 -0.100200 0.061236 0.831856 0.542425
1552759729.561077 -1.305339 -1.398831 -0.148773 -0.099888 0.056573 0.839636 0.530880
1552759729.661104 -1.275444 -1.375500 -0.144554 -0.101663 0.046632 0.848443 0.517335
1552759729.761708 -1.244336 -1.351186 -0.143332 -0.103883 0.041460 0.857281 0.502552
1552759729.929670 -1.183650 -1.303688 -0.142070 -0.106626 0.036644 0.872218 0.475945
1552759730.030515 -1.145302 -1.273670 -0.138231 -0.107164 0.030310 0.884083 0.453866
1552759730.131264 -1.103789 -1.240136 -0.135376 -0.109175 0.030997 0.895647 0.430043
1552759730.232074 -1.060524 -1.215147 -0.132065 -0.112054 0.033929 0.903751 0.411735
1552759730.332915 -1.022911 -1.186395 -0.130835 -0.117354 0.026649 0.911842 0.392507
1552759730.400023 -1.003680 -1.172794 -0.130615 -0.118795 0.020506 0.917057 0.380096
1552759730.500892 -0.973284 -1.144377 -0.130118 -0.118151 0.023952 0.922914 0.365644
1552759730.601647 -0.947975 -1.116288 -0.131320 -0.119963 0.021801 0.928367 0.351097
1552759730.702412 -0.925228 -1.084103 -0.134804 -0.121561 0.022270 0.932779 0.338601
1552759730.902620 -0.879928 -1.012045 -0.139964 -0.125824 0.011338 0.937578 0.324018
1552759731.169576 -0.815891 -0.907329 -0.138092 -0.136486 0.006767 0.938465 0.317190
1552759731.369671 -0.784851 -0.840479 -0.140174 -0.144016 0.003903 0.943036 0.299877
1552759731.469692 -0.775021 -0.810947 -0.138903 -0.144771 0.000410 0.946538 0.288282
1552759731.569836 -0.767216 -0.787359 -0.138016 -0.145972 -0.002739 0.949982 0.276076
1552759731.736527 -0.745834 -0.739078 -0.136438 -0.142743 0.003935 0.956633 0.253893
1552759731.836565 -0.725215 -0.710059 -0.131674 -0.138496 -0.002349 0.960550 0.241157
1552759732.036867 -0.682673 -0.634565 -0.118010 -0.129453 -0.006054 0.963279 0.235158
1552759732.136800 -0.656550 -0.591356 -0.112505 -0.127015 0.003126 0.959954 0.249692
1552759732.236955 -0.631552 -0.549670 -0.104733 -0.122447 0.006680 0.955562 0.268074
1552759732.303688 -0.611476 -0.524447 -0.098156 -0.115603 0.009689 0.952381 0.281980
1552759732.403739 -0.578586 -0.490205 -0.089061 -0.105558 0.019905 0.944723 0.309773
1552759732.503901 -0.545712 -0.456842 -0.082225 -0.092401 0.029586 0.936641 0.336588
1552759732.603830 -0.513596 -0.423889 -0.077759 -0.081865 0.043180 0.926689 0.364254
1552759732.703957 -0.479545 -0.389908 -0.075364 -0.073935 0.058529 0.912708 0.397582
1552759732.803987 -0.448772 -0.354640 -0.076414 -0.067172 0.074889 0.895750 0.433026
1552759732.904131 -0.421644 -0.321923 -0.081169 -0.061942 0.096117 0.877032 0.466626
1552759732.970744 -0.401329 -0.303387 -0.086960 -0.058583 0.099865 0.864259 0.489542
1552759733.070832 -0.372050 -0.271563 -0.100480 -0.062402 0.104307 0.843714 0.522850
1552759733.170895 -0.342829 -0.236640 -0.117350 -0.065101 0.114927 0.824096 0.550835
1552759733.270906 -0.309602 -0.198385 -0.133748 -0.069841 0.122391 0.806694 0.573923
1552759733.371198 -0.277045 -0.161286 -0.147046 -0.075284 0.123985 0.793765 0.590675
1552759733.471067 -0.245062 -0.126392 -0.158926 -0.076792 0.127531 0.779849 0.608009
1552759733.571176 -0.215339 -0.094382 -0.172086 -0.077456 0.134615 0.765501 0.624410
1552759733.637850 -0.196495 -0.076814 -0.182148 -0.078367 0.140547 0.754958 0.635723
1552759733.738131 -0.165605 -0.053584 -0.195028 -0.081945 0.145473 0.741572 0.649765
1552759733.838052 -0.133668 -0.032140 -0.204569 -0.087369 0.146295 0.728794 0.663192
1552759733.938100 -0.100398 -0.013979 -0.209631 -0.087603 0.147788 0.717517 0.675021
1552759734.038160 -0.068588 0.002529 -0.211300 -0.082207 0.149615 0.709095 0.684136
1552759734.138288 -0.034600 0.024283 -0.212957 -0.077740 0.147150 0.697766 0.696725
1552759734.238407 0.000747 0.049205 -0.213155 -0.068499 0.153091 0.688943 0.705145
1552759734.405106 0.062837 0.103799 -0.208896 -0.054595 0.145546 0.684276 0.712462
1552759734.505143 0.107782 0.139445 -0.202974 -0.045354 0.140275 0.673276 0.724545
1552759734.605329 0.164109 0.176448 -0.194572 -0.037562 0.136137 0.646809 0.749463
1552759734.705322 0.216852 0.207217 -0.181437 -0.030772 0.121826 0.616384 0.777356
1552759734.805346 0.271709 0.238136 -0.167147 -0.025992 0.106058 0.593464 0.797419
1552759734.872223 0.308420 0.258579 -0.156987 -0.024239 0.100042 0.578078 0.809463
1552759734.972152 0.359077 0.288328 -0.139238 -0.021952 0.088829 0.549390 0.830541
1552759735.072305 0.417122 0.321012 -0.119742 -0.021565 0.074831 0.519307 0.851032
1552759735.172326 0.474017 0.352036 -0.102534 -0.022635 0.065194 0.484248 0.872205
1552759735.272490 0.539781 0.391770 -0.088786 -0.020606 0.059902 0.442287 0.894634
1552759735.372474 0.602357 0.430629 -0.075980 -0.018044 0.055219 0.396645 0.916132
1552759735.472566 0.663503 0.468100 -0.060628 -0.013913 0.045617 0.344938 0.937413
1552759735.539359 0.703171 0.491992 -0.049354 -0.011061 0.039287 0.308920 0.950212
1552759735.639345 0.756928 0.522176 -0.033106 -0.001792 0.036868 0.257314 0.965623
1552759735.739607 0.808508 0.549935 -0.019477 0.004922 0.032107 0.210846 0.976979
1552759735.839520 0.855364 0.573086 -0.008567 0.008892 0.024815 0.171040 0.984911
1552759735.939515 0.893571 0.588693 -0.003030 0.012792 0.022422 0.131378 0.990996
1552759736.039645 0.913722 0.589882 -0.002173 0.017457 0.019453 0.093104 0.995313
1552759736.139688 0.927498 0.589564 -0.005010 0.024745 0.017194 0.061364 0.997661
1552759736.206542 0.923116 0.577926 -0.009611 0.027876 0.017675 0.037913 0.998736
1552759736.306470 0.933811 0.573605 -0.015217 0.035604 0.014598 0.003392 0.999254
1552759736.406565 0.955050 0.581449 -0.021132 0.037129 0.009629 -0.029492 0.998829
1552759736.506750 0.979490 0.591011 -0.024783 0.043238 0.009425 -0.065952 0.996841
1552759736.606773 0.999638 0.599913 -0.024902 0.050737 0.007191 -0.101433 0.993522
1552759736.706760 1.014838 0.608087 -0.025494 0.054859 0.007498 -0.138712 0.988784
1552759736.806807 1.022733 0.614639 -0.024105 0.049051 0.006884 -0.176987 0.982966
1552759736.873566 1.026913 0.619777 -0.023346 0.040949 0.006227 -0.197598 0.979408
1552759736.973635 1.036638 0.631534 -0.022152 0.027900 0.005208 -0.228061 0.973233
1552759737.073715 1.033791 0.643005 -0.021001 0.016850 0.005280 -0.262371 0.964806
1552759737.173788 1.031181 0.657698 -0.019362 0.013962 0.004709 -0.293905 0.955721
1552759737.273813 1.032866 0.675403 -0.017300 0.011551 0.005555 -0.324394 0.945835
1552759737.373976 1.032978 0.694769 -0.015026 0.008895 0.008719 -0.353741 0.935260
1552759737.473998 1.030764 0.713079 -0.011846 0.005628 0.008046 -0.394517 0.918836
1552759737.540742 1.031730 0.725988 -0.010656 0.007836 0.010005 -0.418940 0.907925
1552759737.640795 1.031248 0.747344 -0.010629 0.009125 0.014723 -0.444669 0.895528
1552759737.740994 1.036459 0.775710 -0.012373 0.009870 0.018074 -0.458328 0.888544
1552759737.940941 1.043759 0.835744 -0.019813 0.014789 0.024923 -0.466734 0.883923
1552759738.141150 1.051904 0.890844 -0.032375 0.014498 0.033562 -0.460423 0.886947
1552759738.207875 1.056152 0.910995 -0.039531 0.013573 0.037596 -0.453248 0.890488
1552759738.307868 1.065275 0.940995 -0.048386 0.010865 0.042887 -0.433697 0.899972
1552759738.407994 1.076778 0.976826 -0.055503 0.007879 0.046381 -0.405410 0.912924
1552759738.508065 1.089464 1.017651 -0.059934 0.010002 0.046178 -0.368837 0.928293
1552759738.608211 1.099045 1.059077 -0.061864 0.007650 0.045826 -0.331767 0.942217
1552759738.708215 1.106751 1.102116 -0.062475 0.004941 0.045303 -0.292748 0.955103
1552759738.808244 1.114816 1.148243 -0.061497 0.004543 0.040339 -0.261362 0.964387
1552759738.875027 1.119461 1.183547 -0.062427 0.006446 0.037855 -0.241201 0.969715
1552759738.975111 1.128058 1.227072 -0.063719 0.004813 0.038291 -0.209824 0.976977
1552759739.075157 1.138084 1.276021 -0.066111 0.005143 0.037661 -0.183513 0.982282
1552759739.175226 1.149859 1.328064 -0.069018 0.007437 0.037887 -0.154570 0.987227
1552759739.275393 1.164737 1.383257 -0.072675 0.011135 0.040534 -0.131733 0.990394
1552759739.375522 1.182691 1.439291 -0.074878 0.016522 0.041462 -0.118476 0.991953
1552759739.475510 1.200566 1.492141 -0.076674 0.018649 0.040986 -0.102539 0.993709
1552759739.542208 1.211427 1.528646 -0.080820 0.018293 0.047023 -0.090140 0.994650
1552759739.642470 1.224977 1.579536 -0.088730 0.022646 0.054825 -0.069617 0.995809
1552759739.742586 1.236371 1.626878 -0.097594 0.021919 0.068614 -0.047322 0.996279
1552759739.842605 1.244377 1.673303 -0.104435 0.020875 0.080983 -0.024148 0.996204
1552759739.942565 1.246988 1.712535 -0.107036 0.022567 0.083580 -0.007250 0.996219
1552759740.042477 1.243047 1.747690 -0.108591 0.020071 0.083054 0.006323 0.996323
1552759740.142577 1.235580 1.790842 -0.111176 0.016626 0.084730 0.019487 0.996075
1552759740.309329 1.212687 1.867585 -0.116631 0.015137 0.086642 0.029258 0.995695
1552759740.409527 1.198262 1.919757 -0.117724 0.013084 0.090138 0.034983 0.995229
1552759740.509510 1.181885 1.977072 -0.117045 0.007635 0.093739 0.043075 0.994635
1552759740.609561 1.162989 2.034465 -0.115737 0.009815 0.102482 0.054959 0.993167
1552759740.709615 1.141964 2.090331 -0.113954 0.016176 0.108976 0.064384 0.991825
1552759740.809754 1.120058 2.145829 -0.112661 0.019375 0.112926 0.074962 0.990582
1552759740.876454 1.107307 2.183551 -0.111809 0.019265 0.115096 0.083569 0.989645
1552759740.976549 1.094162 2.235363 -0.109288 0.018571 0.116424 0.098155 0.988163
1552759741.076683 1.082582 2.283479 -0.105542 0.021951 0.114829 0.109622 0.987074
1552759741.176662 1.072884 2.326391 -0.096272 0.027574 0.110910 0.126348 0.985381
1552759741.276958 1.066239 2.365377 -0.083298 0.030546 0.102482 0.143038 0.983923
1552759741.376946 1.062157 2.402453 -0.071236 0.032461 0.094565 0.159904 0.982056
1552759741.443562 1.058499 2.428646 -0.063608 0.033212 0.088320 0.173166 0.980362
1552759741.543641 1.055541 2.473368 -0.054160 0.036388 0.080836 0.189919 0.977790
1552759741.643662 1.058584 2.518075 -0.048787 0.036632 0.077479 0.202461 0.975533
1552759741.743745 1.062280 2.565660 -0.045937 0.029006 0.075846 0.209482 0.974435
1552759741.843769 1.068274 2.613357 -0.046986 0.020769 0.080216 0.217144 0.972616
1552759741.943886 1.076290 2.661488 -0.049493 0.017985 0.093795 0.225378 0.969579
1552759742.043999 1.079734 2.706422 -0.052496 0.018927 0.103881 0.240587 0.964867
1552759742.110750 1.079872 2.735543 -0.057635 0.019927 0.113211 0.252451 0.960758
1552759742.210884 1.074730 2.775046 -0.070608 0.017831 0.123134 0.267820 0.955402
1552759742.310843 1.064076 2.810333 -0.088857 0.016354 0.138754 0.282862 0.948930
1552759742.410964 1.046929 2.840268 -0.108543 0.015365 0.153834 0.293866 0.943261
1552759742.511021 1.019417 2.867990 -0.126279 0.008155 0.163598 0.307472 0.937353
1552759742.611104 0.983529 2.890409 -0.139315 -0.000455 0.166202 0.320088 0.932695
1552759742.711125 0.945629 2.910390 -0.148728 -0.009385 0.170135 0.330353 0.928349
1552759742.777765 0.916180 2.922605 -0.151314 -0.015534 0.170252 0.337841 0.925547
1552759742.877996 0.865864 2.941311 -0.151423 -0.024251 0.165939 0.350441 0.921448
1552759742.978047 0.806181 2.961892 -0.149443 -0.032605 0.161062 0.366879 0.915640
1552759743.078073 0.741858 2.985040 -0.147067 -0.036559 0.156739 0.397853 0.903222
1552759743.178151 0.674066 3.010715 -0.145459 -0.043124 0.152725 0.434022 0.886815
1552759743.278203 0.606644 3.033636 -0.143240 -0.048570 0.147708 0.471699 0.867942
1552759743.378453 0.542318 3.051428 -0.140150 -0.054634 0.139349 0.503317 0.851040
1552759743.445028 0.501736 3.061399 -0.138045 -0.057303 0.134916 0.522197 0.840133
1552759743.545175 0.443705 3.072210 -0.134922 -0.064710 0.126621 0.549069 0.823592
1552759743.645274 0.385563 3.080485 -0.132575 -0.071383 0.118117 0.573939 0.807184
1552759743.745451 0.333089 3.085549 -0.130179 -0.075976 0.109787 0.597230 0.790879
1552759743.845223 0.290433 3.085245 -0.127110 -0.077068 0.103043 0.616999 0.776373
1552759743.945557 0.251436 3.084117 -0.125789 -0.078277 0.097838 0.636694 0.760869
1552759744.045462 0.213924 3.083609 -0.125728 -0.084689 0.092268 0.654288 0.745802
1552759744.112179 0.191729 3.082082 -0.125409 -0.085223 0.089379 0.664063 0.737406
1552759744.212244 0.166165 3.077977 -0.125194 -0.087428 0.087356 0.677013 0.725519
1552759744.312280 0.143195 3.075430 -0.124583 -0.089784 0.084345 0.688704 0.714501
1552759744.412324 0.122162 3.075695 -0.123228 -0.091217 0.080957 0.698200 0.705438
1552759744.512414 0.100276 3.078251 -0.121575 -0.093722 0.078643 0.705963 0.697601
1552759744.645886 0.072685 3.087592 -0.119555 -0.094536 0.073081 0.712736 0.691180
1552759744.779306 0.042641 3.103196 -0.119089 -0.099732 0.075455 0.716781 0.685992
